0 0.000000 0.941406 0.000000 0.992188 0.011719 0.992188 0.015625 0.988281 0.023438 0.988281 0.027344 0.984375 0.027344 0.972656 0.023438 0.968750 0.019531 0.972656 0.011719 0.972656 0.003906 0.964844 0.003906 0.945312
0 0.886719 0.882812 0.882812 0.886719 0.886719 0.886719
0 0.808594 0.839844 0.808594 0.847656 0.820312 0.847656 0.820312 0.843750 0.816406 0.839844
0 0.234375 0.816406 0.230469 0.820312 0.230469 0.824219 0.234375 0.828125 0.238281 0.828125 0.246094 0.835938 0.253906 0.835938 0.253906 0.824219 0.246094 0.816406
0 0.000000 0.769531 0.000000 0.804688 0.003906 0.800781 0.011719 0.800781 0.015625 0.796875 0.015625 0.781250 0.011719 0.777344 0.007812 0.777344
1 0.000000 0.000000 0.000000 0.765625 0.007812 0.773438 0.011719 0.773438 0.019531 0.781250 0.019531 0.796875 0.011719 0.804688 0.003906 0.804688 0.000000 0.808594 0.000000 0.937500 0.007812 0.945312 0.007812 0.964844 0.011719 0.968750 0.019531 0.968750 0.023438 0.964844 0.031250 0.972656 0.031250 0.984375 0.023438 0.992188 0.015625 0.992188 0.011719 0.996094 0.000000 0.996094 0.996094 0.996094 0.996094 0.382812 0.984375 0.371094 0.980469 0.371094 0.972656 0.363281 0.972656 0.359375 0.960938 0.347656 0.960938 0.343750 0.957031 0.339844 0.957031 0.332031 0.960938 0.328125 0.960938 0.320312 0.964844 0.316406 0.964844 0.312500 0.976562 0.300781 0.980469 0.300781 0.984375 0.296875 0.996094 0.296875 0.996094 0.000000
1 0.886719 0.878906 0.890625 0.882812 0.890625 0.886719 0.886719 0.890625 0.882812 0.890625 0.878906 0.886719
1 0.804688 0.839844 0.808594 0.835938 0.816406 0.835938 0.824219 0.843750 0.824219 0.847656 0.820312 0.851562 0.808594 0.851562 0.804688 0.847656
1 0.234375 0.812500 0.246094 0.812500 0.257812 0.824219 0.257812 0.835938 0.253906 0.839844 0.246094 0.839844 0.238281 0.832031 0.234375 0.832031 0.226562 0.824219 0.226562 0.820312
2 0.984375 0.300781 0.980469 0.304688 0.976562 0.304688 0.968750 0.312500 0.968750 0.316406 0.964844 0.320312 0.964844 0.328125 0.960938 0.332031 0.960938 0.339844 0.964844 0.343750 0.964844 0.347656 0.976562 0.359375 0.976562 0.363281 0.980469 0.367188 0.984375 0.367188 0.996094 0.378906 0.996094 0.300781
