0 0.351562 0.964844 0.343750 0.972656 0.343750 0.980469 0.347656 0.984375 0.351562 0.984375 0.355469 0.988281 0.359375 0.988281 0.363281 0.984375 0.367188 0.984375 0.367188 0.972656 0.359375 0.964844
0 0.371094 0.902344 0.367188 0.906250 0.363281 0.906250 0.363281 0.914062 0.375000 0.914062 0.375000 0.906250
0 0.429688 0.847656 0.429688 0.851562 0.425781 0.855469 0.429688 0.859375 0.433594 0.859375 0.433594 0.847656
0 0.503906 0.777344 0.503906 0.781250 0.500000 0.785156 0.500000 0.812500 0.503906 0.816406 0.511719 0.816406 0.515625 0.812500 0.515625 0.808594 0.527344 0.796875 0.527344 0.789062 0.519531 0.781250 0.515625 0.781250 0.511719 0.777344
0 0.582031 0.718750 0.578125 0.722656 0.578125 0.730469 0.582031 0.730469 0.585938 0.726562 0.585938 0.718750
0 0.000000 0.695312 0.000000 0.710938 0.003906 0.710938 0.007812 0.707031 0.011719 0.707031 0.015625 0.703125 0.015625 0.695312
0 0.632812 0.664062 0.625000 0.671875 0.625000 0.695312 0.632812 0.695312 0.636719 0.691406 0.640625 0.691406 0.644531 0.687500 0.644531 0.683594 0.648438 0.679688 0.648438 0.671875 0.644531 0.667969 0.644531 0.664062
0 0.371094 0.605469 0.367188 0.609375 0.359375 0.609375 0.359375 0.613281 0.355469 0.617188 0.355469 0.621094 0.351562 0.625000 0.351562 0.628906 0.355469 0.632812 0.355469 0.648438 0.351562 0.652344 0.351562 0.656250 0.339844 0.667969 0.335938 0.667969 0.328125 0.675781 0.328125 0.679688 0.324219 0.683594 0.316406 0.683594 0.308594 0.691406 0.304688 0.691406 0.300781 0.695312 0.296875 0.695312 0.289062 0.703125 0.277344 0.703125 0.269531 0.695312 0.265625 0.695312 0.265625 0.699219 0.257812 0.707031 0.257812 0.722656 0.253906 0.726562 0.253906 0.769531 0.250000 0.773438 0.250000 0.777344 0.246094 0.781250 0.246094 0.785156 0.242188 0.789062 0.242188 0.792969 0.234375 0.800781 0.234375 0.804688 0.218750 0.820312 0.218750 0.824219 0.214844 0.828125 0.214844 0.863281 0.210938 0.867188 0.210938 0.875000 0.207031 0.878906 0.207031 0.882812 0.203125 0.886719 0.203125 0.890625 0.199219 0.894531 0.199219 0.898438 0.195312 0.902344 0.195312 0.910156 0.203125 0.917969 0.203125 0.921875 0.207031 0.925781 0.207031 0.929688 0.210938 0.933594 0.210938 0.937500 0.214844 0.941406 0.214844 0.945312 0.218750 0.949219 0.218750 0.953125 0.214844 0.957031 0.214844 0.960938 0.210938 0.964844 0.210938 0.988281 0.207031 0.992188 0.207031 0.996094 0.277344 0.996094 0.277344 0.972656 0.273438 0.968750 0.273438 0.964844 0.269531 0.960938 0.269531 0.953125 0.273438 0.949219 0.273438 0.945312 0.289062 0.929688 0.292969 0.929688 0.296875 0.925781 0.300781 0.925781 0.304688 0.921875 0.304688 0.917969 0.308594 0.914062 0.308594 0.910156 0.312500 0.906250 0.312500 0.902344 0.316406 0.898438 0.312500 0.894531 0.312500 0.890625 0.300781 0.878906 0.300781 0.875000 0.277344 0.851562 0.277344 0.847656 0.273438 0.843750 0.273438 0.828125 0.277344 0.824219 0.277344 0.820312 0.281250 0.816406 0.281250 0.812500 0.289062 0.804688 0.289062 0.789062 0.292969 0.785156 0.292969 0.781250 0.296875 0.777344 0.296875 0.773438 0.300781 0.769531 0.300781 0.765625 0.312500 0.753906 0.320312 0.753906 0.332031 0.742188 0.332031 0.738281 0.335938 0.734375 0.335938 0.730469 0.347656 0.718750 0.355469 0.718750 0.363281 0.710938 0.367188 0.710938 0.371094 0.707031 0.375000 0.707031 0.378906 0.710938 0.382812 0.710938 0.386719 0.714844 0.390625 0.710938 0.390625 0.707031 0.386719 0.703125 0.386719 0.691406 0.414062 0.664062 0.414062 0.656250 0.417969 0.652344 0.417969 0.648438 0.425781 0.640625 0.425781 0.628906 0.417969 0.621094 0.414062 0.621094 0.410156 0.617188 0.402344 0.617188 0.398438 0.613281 0.394531 0.613281 0.386719 0.605469
0 0.441406 0.386719 0.433594 0.394531 0.433594 0.406250 0.441406 0.406250 0.449219 0.398438 0.453125 0.398438 0.457031 0.394531 0.457031 0.390625 0.453125 0.386719
0 0.687500 0.339844 0.679688 0.347656 0.675781 0.347656 0.671875 0.351562 0.671875 0.367188 0.675781 0.371094 0.683594 0.371094 0.687500 0.375000 0.699219 0.375000 0.703125 0.371094 0.707031 0.371094 0.707031 0.363281 0.703125 0.359375 0.703125 0.343750 0.699219 0.339844
0 0.878906 0.000000 0.878906 0.011719 0.882812 0.015625 0.882812 0.027344 0.886719 0.031250 0.886719 0.046875 0.882812 0.050781 0.882812 0.058594 0.863281 0.078125 0.859375 0.078125 0.843750 0.093750 0.843750 0.128906 0.847656 0.132812 0.847656 0.160156 0.851562 0.164062 0.851562 0.171875 0.855469 0.175781 0.855469 0.183594 0.859375 0.187500 0.859375 0.199219 0.863281 0.203125 0.863281 0.214844 0.867188 0.218750 0.867188 0.242188 0.863281 0.246094 0.863281 0.273438 0.867188 0.277344 0.867188 0.320312 0.863281 0.324219 0.863281 0.328125 0.859375 0.332031 0.859375 0.335938 0.843750 0.351562 0.839844 0.351562 0.835938 0.355469 0.828125 0.355469 0.824219 0.359375 0.824219 0.363281 0.816406 0.371094 0.816406 0.375000 0.804688 0.386719 0.800781 0.386719 0.796875 0.390625 0.789062 0.390625 0.777344 0.402344 0.765625 0.402344 0.757812 0.410156 0.757812 0.414062 0.753906 0.417969 0.753906 0.425781 0.757812 0.429688 0.757812 0.445312 0.753906 0.449219 0.753906 0.457031 0.738281 0.472656 0.734375 0.472656 0.730469 0.468750 0.718750 0.468750 0.714844 0.472656 0.710938 0.472656 0.695312 0.488281 0.695312 0.503906 0.683594 0.515625 0.683594 0.535156 0.675781 0.542969 0.667969 0.542969 0.664062 0.539062 0.660156 0.542969 0.660156 0.554688 0.664062 0.558594 0.671875 0.558594 0.675781 0.562500 0.691406 0.562500 0.691406 0.558594 0.695312 0.554688 0.695312 0.527344 0.707031 0.515625 0.710938 0.515625 0.718750 0.523438 0.722656 0.523438 0.726562 0.527344 0.726562 0.535156 0.730469 0.539062 0.730469 0.542969 0.726562 0.546875 0.726562 0.554688 0.730469 0.558594 0.730469 0.578125 0.734375 0.582031 0.734375 0.601562 0.726562 0.609375 0.718750 0.601562 0.718750 0.593750 0.710938 0.585938 0.683594 0.585938 0.683594 0.593750 0.679688 0.597656 0.679688 0.613281 0.683594 0.617188 0.722656 0.617188 0.726562 0.621094 0.726562 0.636719 0.730469 0.640625 0.730469 0.699219 0.734375 0.703125 0.734375 0.710938 0.730469 0.714844 0.730469 0.773438 0.738281 0.781250 0.738281 0.789062 0.742188 0.792969 0.738281 0.796875 0.738281 0.808594 0.742188 0.812500 0.742188 0.824219 0.746094 0.828125 0.746094 0.847656 0.750000 0.851562 0.750000 0.921875 0.746094 0.925781 0.746094 0.929688 0.742188 0.933594 0.742188 0.937500 0.738281 0.941406 0.738281 0.945312 0.742188 0.949219 0.742188 0.953125 0.746094 0.957031 0.746094 0.964844 0.750000 0.968750 0.750000 0.976562 0.753906 0.980469 0.753906 0.992188 0.757812 0.996094 0.996094 0.996094 0.996094 0.902344 0.992188 0.902344 0.988281 0.898438 0.984375 0.898438 0.976562 0.890625 0.972656 0.890625 0.964844 0.882812 0.960938 0.882812 0.957031 0.878906 0.953125 0.878906 0.945312 0.871094 0.945312 0.863281 0.941406 0.859375 0.941406 0.851562 0.937500 0.847656 0.937500 0.843750 0.933594 0.839844 0.933594 0.832031 0.937500 0.828125 0.937500 0.804688 0.933594 0.800781 0.937500 0.796875 0.937500 0.781250 0.933594 0.777344 0.933594 0.718750 0.929688 0.714844 0.929688 0.699219 0.925781 0.695312 0.925781 0.632812 0.929688 0.628906 0.929688 0.621094 0.933594 0.617188 0.933594 0.613281 0.937500 0.609375 0.937500 0.605469 0.941406 0.601562 0.941406 0.593750 0.945312 0.589844 0.945312 0.585938 0.949219 0.582031 0.949219 0.578125 0.953125 0.574219 0.953125 0.566406 0.960938 0.558594 0.960938 0.554688 0.968750 0.546875 0.968750 0.542969 0.984375 0.527344 0.984375 0.523438 0.988281 0.519531 0.988281 0.515625 0.992188 0.511719 0.992188 0.507812 0.996094 0.503906 0.996094 0.203125 0.992188 0.203125 0.988281 0.207031 0.984375 0.207031 0.980469 0.210938 0.972656 0.210938 0.968750 0.207031 0.968750 0.203125 0.964844 0.199219 0.964844 0.175781 0.960938 0.171875 0.960938 0.167969 0.957031 0.164062 0.957031 0.156250 0.953125 0.152344 0.953125 0.148438 0.949219 0.144531 0.949219 0.109375 0.945312 0.105469 0.945312 0.070312 0.949219 0.066406 0.949219 0.058594 0.957031 0.050781 0.957031 0.046875 0.960938 0.042969 0.960938 0.039062 0.964844 0.035156 0.964844 0.031250 0.968750 0.027344 0.968750 0.003906 0.972656 0.000000
1 0.976562 0.000000 0.972656 0.003906 0.972656 0.027344 0.968750 0.031250 0.968750 0.035156 0.964844 0.039062 0.964844 0.042969 0.960938 0.046875 0.960938 0.050781 0.953125 0.058594 0.953125 0.066406 0.949219 0.070312 0.949219 0.105469 0.953125 0.109375 0.953125 0.144531 0.957031 0.148438 0.957031 0.152344 0.960938 0.156250 0.960938 0.164062 0.964844 0.167969 0.964844 0.171875 0.968750 0.175781 0.968750 0.199219 0.972656 0.203125 0.972656 0.207031 0.980469 0.207031 0.984375 0.203125 0.988281 0.203125 0.992188 0.199219 0.996094 0.199219 0.996094 0.000000
1 0.000000 0.000000 0.000000 0.691406 0.015625 0.691406 0.019531 0.695312 0.019531 0.703125 0.011719 0.710938 0.007812 0.710938 0.003906 0.714844 0.000000 0.714844 0.000000 0.996094 0.203125 0.996094 0.203125 0.992188 0.207031 0.988281 0.207031 0.964844 0.210938 0.960938 0.210938 0.957031 0.214844 0.953125 0.214844 0.949219 0.210938 0.945312 0.210938 0.941406 0.207031 0.937500 0.207031 0.933594 0.203125 0.929688 0.203125 0.925781 0.199219 0.921875 0.199219 0.917969 0.191406 0.910156 0.191406 0.902344 0.195312 0.898438 0.195312 0.894531 0.199219 0.890625 0.199219 0.886719 0.203125 0.882812 0.203125 0.878906 0.207031 0.875000 0.207031 0.867188 0.210938 0.863281 0.210938 0.828125 0.214844 0.824219 0.214844 0.820312 0.230469 0.804688 0.230469 0.800781 0.238281 0.792969 0.238281 0.789062 0.242188 0.785156 0.242188 0.781250 0.246094 0.777344 0.246094 0.773438 0.250000 0.769531 0.250000 0.726562 0.253906 0.722656 0.253906 0.707031 0.261719 0.699219 0.261719 0.695312 0.265625 0.691406 0.269531 0.691406 0.277344 0.699219 0.289062 0.699219 0.296875 0.691406 0.300781 0.691406 0.304688 0.687500 0.308594 0.687500 0.316406 0.679688 0.324219 0.679688 0.324219 0.675781 0.335938 0.664062 0.339844 0.664062 0.347656 0.656250 0.347656 0.652344 0.351562 0.648438 0.351562 0.632812 0.347656 0.628906 0.347656 0.625000 0.351562 0.621094 0.351562 0.617188 0.355469 0.613281 0.355469 0.609375 0.359375 0.605469 0.367188 0.605469 0.371094 0.601562 0.386719 0.601562 0.394531 0.609375 0.398438 0.609375 0.402344 0.613281 0.410156 0.613281 0.414062 0.617188 0.417969 0.617188 0.429688 0.628906 0.429688 0.640625 0.421875 0.648438 0.421875 0.652344 0.417969 0.656250 0.417969 0.664062 0.390625 0.691406 0.390625 0.703125 0.394531 0.707031 0.394531 0.710938 0.386719 0.718750 0.382812 0.714844 0.378906 0.714844 0.375000 0.710938 0.371094 0.710938 0.367188 0.714844 0.363281 0.714844 0.355469 0.722656 0.347656 0.722656 0.339844 0.730469 0.339844 0.734375 0.335938 0.738281 0.335938 0.742188 0.320312 0.757812 0.312500 0.757812 0.304688 0.765625 0.304688 0.769531 0.300781 0.773438 0.300781 0.777344 0.296875 0.781250 0.296875 0.785156 0.292969 0.789062 0.292969 0.804688 0.285156 0.812500 0.285156 0.816406 0.281250 0.820312 0.281250 0.824219 0.277344 0.828125 0.277344 0.843750 0.281250 0.847656 0.281250 0.851562 0.304688 0.875000 0.304688 0.878906 0.316406 0.890625 0.316406 0.894531 0.320312 0.898438 0.316406 0.902344 0.316406 0.906250 0.312500 0.910156 0.312500 0.914062 0.308594 0.917969 0.308594 0.921875 0.300781 0.929688 0.296875 0.929688 0.292969 0.933594 0.289062 0.933594 0.277344 0.945312 0.277344 0.949219 0.273438 0.953125 0.273438 0.960938 0.277344 0.964844 0.277344 0.968750 0.281250 0.972656 0.281250 0.996094 0.753906 0.996094 0.750000 0.992188 0.750000 0.980469 0.746094 0.976562 0.746094 0.968750 0.742188 0.964844 0.742188 0.957031 0.738281 0.953125 0.738281 0.949219 0.734375 0.945312 0.734375 0.941406 0.738281 0.937500 0.738281 0.933594 0.742188 0.929688 0.742188 0.925781 0.746094 0.921875 0.746094 0.851562 0.742188 0.847656 0.742188 0.828125 0.738281 0.824219 0.738281 0.812500 0.734375 0.808594 0.734375 0.796875 0.738281 0.792969 0.734375 0.789062 0.734375 0.781250 0.726562 0.773438 0.726562 0.714844 0.730469 0.710938 0.730469 0.703125 0.726562 0.699219 0.726562 0.640625 0.722656 0.636719 0.722656 0.621094 0.683594 0.621094 0.675781 0.613281 0.675781 0.597656 0.679688 0.593750 0.679688 0.585938 0.683594 0.582031 0.710938 0.582031 0.722656 0.593750 0.722656 0.601562 0.726562 0.605469 0.730469 0.601562 0.730469 0.582031 0.726562 0.578125 0.726562 0.558594 0.722656 0.554688 0.722656 0.546875 0.726562 0.542969 0.726562 0.539062 0.722656 0.535156 0.722656 0.527344 0.718750 0.527344 0.710938 0.519531 0.707031 0.519531 0.699219 0.527344 0.699219 0.554688 0.695312 0.558594 0.695312 0.562500 0.691406 0.566406 0.675781 0.566406 0.671875 0.562500 0.664062 0.562500 0.656250 0.554688 0.656250 0.542969 0.664062 0.535156 0.667969 0.539062 0.675781 0.539062 0.679688 0.535156 0.679688 0.515625 0.691406 0.503906 0.691406 0.488281 0.710938 0.468750 0.714844 0.468750 0.718750 0.464844 0.730469 0.464844 0.734375 0.468750 0.738281 0.468750 0.750000 0.457031 0.750000 0.449219 0.753906 0.445312 0.753906 0.429688 0.750000 0.425781 0.750000 0.417969 0.753906 0.414062 0.753906 0.410156 0.765625 0.398438 0.777344 0.398438 0.789062 0.386719 0.796875 0.386719 0.800781 0.382812 0.804688 0.382812 0.812500 0.375000 0.812500 0.371094 0.820312 0.363281 0.820312 0.359375 0.828125 0.351562 0.835938 0.351562 0.839844 0.347656 0.843750 0.347656 0.855469 0.335938 0.855469 0.332031 0.859375 0.328125 0.859375 0.324219 0.863281 0.320312 0.863281 0.277344 0.859375 0.273438 0.859375 0.246094 0.863281 0.242188 0.863281 0.218750 0.859375 0.214844 0.859375 0.203125 0.855469 0.199219 0.855469 0.187500 0.851562 0.183594 0.851562 0.175781 0.847656 0.171875 0.847656 0.164062 0.843750 0.160156 0.843750 0.132812 0.839844 0.128906 0.839844 0.093750 0.859375 0.074219 0.863281 0.074219 0.878906 0.058594 0.878906 0.050781 0.882812 0.046875 0.882812 0.031250 0.878906 0.027344 0.878906 0.015625 0.875000 0.011719 0.875000 0.000000
1 0.351562 0.960938 0.359375 0.960938 0.371094 0.972656 0.371094 0.984375 0.367188 0.988281 0.363281 0.988281 0.359375 0.992188 0.355469 0.992188 0.351562 0.988281 0.347656 0.988281 0.339844 0.980469 0.339844 0.972656
1 0.367188 0.902344 0.371094 0.898438 0.378906 0.906250 0.378906 0.914062 0.375000 0.917969 0.363281 0.917969 0.359375 0.914062 0.359375 0.906250 0.363281 0.902344
1 0.425781 0.847656 0.429688 0.843750 0.433594 0.843750 0.437500 0.847656 0.437500 0.859375 0.433594 0.863281 0.429688 0.863281 0.421875 0.855469 0.425781 0.851562
1 0.500000 0.777344 0.503906 0.773438 0.511719 0.773438 0.515625 0.777344 0.519531 0.777344 0.531250 0.789062 0.531250 0.796875 0.519531 0.808594 0.519531 0.812500 0.511719 0.820312 0.503906 0.820312 0.496094 0.812500 0.496094 0.785156 0.500000 0.781250
1 0.582031 0.714844 0.585938 0.714844 0.589844 0.718750 0.589844 0.726562 0.582031 0.734375 0.578125 0.734375 0.574219 0.730469 0.574219 0.722656
1 0.632812 0.660156 0.644531 0.660156 0.648438 0.664062 0.648438 0.667969 0.652344 0.671875 0.652344 0.679688 0.648438 0.683594 0.648438 0.687500 0.640625 0.695312 0.636719 0.695312 0.632812 0.699219 0.625000 0.699219 0.621094 0.695312 0.621094 0.671875
1 0.441406 0.382812 0.453125 0.382812 0.460938 0.390625 0.460938 0.394531 0.453125 0.402344 0.449219 0.402344 0.441406 0.410156 0.433594 0.410156 0.429688 0.406250 0.429688 0.394531
1 0.687500 0.335938 0.699219 0.335938 0.707031 0.343750 0.707031 0.359375 0.710938 0.363281 0.710938 0.371094 0.707031 0.375000 0.703125 0.375000 0.699219 0.378906 0.687500 0.378906 0.683594 0.375000 0.675781 0.375000 0.667969 0.367188 0.667969 0.351562 0.675781 0.343750 0.679688 0.343750
2 0.996094 0.507812 0.996094 0.511719 0.992188 0.515625 0.992188 0.519531 0.988281 0.523438 0.988281 0.527344 0.972656 0.542969 0.972656 0.546875 0.964844 0.554688 0.964844 0.558594 0.957031 0.566406 0.957031 0.574219 0.953125 0.578125 0.953125 0.582031 0.949219 0.585938 0.949219 0.589844 0.945312 0.593750 0.945312 0.601562 0.941406 0.605469 0.941406 0.609375 0.937500 0.613281 0.937500 0.617188 0.933594 0.621094 0.933594 0.628906 0.929688 0.632812 0.929688 0.695312 0.933594 0.699219 0.933594 0.714844 0.937500 0.718750 0.937500 0.777344 0.941406 0.781250 0.941406 0.796875 0.937500 0.800781 0.941406 0.804688 0.941406 0.828125 0.937500 0.832031 0.937500 0.839844 0.941406 0.843750 0.941406 0.847656 0.945312 0.851562 0.945312 0.859375 0.949219 0.863281 0.949219 0.871094 0.953125 0.875000 0.957031 0.875000 0.960938 0.878906 0.964844 0.878906 0.972656 0.886719 0.976562 0.886719 0.984375 0.894531 0.988281 0.894531 0.992188 0.898438 0.996094 0.898438
