0 0.000000 0.972656 0.000000 0.996094 0.023438 0.996094 0.019531 0.992188 0.019531 0.988281 0.007812 0.976562 0.003906 0.976562
0 0.257812 0.707031 0.250000 0.714844 0.250000 0.726562 0.253906 0.726562 0.257812 0.730469 0.261719 0.730469 0.265625 0.726562 0.269531 0.726562 0.273438 0.722656 0.273438 0.714844 0.265625 0.707031
0 0.246094 0.644531 0.242188 0.648438 0.242188 0.656250 0.253906 0.656250 0.253906 0.648438 0.250000 0.648438
0 0.183594 0.589844 0.183594 0.601562 0.187500 0.601562 0.191406 0.597656 0.187500 0.593750 0.187500 0.589844
0 0.105469 0.519531 0.101562 0.523438 0.097656 0.523438 0.089844 0.531250 0.089844 0.539062 0.101562 0.550781 0.101562 0.554688 0.105469 0.558594 0.113281 0.558594 0.117188 0.554688 0.117188 0.527344 0.113281 0.523438 0.113281 0.519531
0 0.031250 0.460938 0.031250 0.468750 0.035156 0.472656 0.039062 0.472656 0.039062 0.464844 0.035156 0.460938
0 0.601562 0.437500 0.601562 0.445312 0.605469 0.449219 0.609375 0.449219 0.613281 0.453125 0.632812 0.453125 0.632812 0.441406 0.628906 0.437500
0 0.230469 0.347656 0.222656 0.355469 0.218750 0.355469 0.214844 0.359375 0.207031 0.359375 0.203125 0.363281 0.199219 0.363281 0.191406 0.371094 0.191406 0.382812 0.199219 0.390625 0.199219 0.394531 0.203125 0.398438 0.203125 0.406250 0.230469 0.433594 0.230469 0.445312 0.226562 0.449219 0.226562 0.453125 0.230469 0.457031 0.234375 0.453125 0.238281 0.453125 0.242188 0.449219 0.246094 0.449219 0.250000 0.453125 0.253906 0.453125 0.261719 0.460938 0.269531 0.460938 0.281250 0.472656 0.281250 0.476562 0.285156 0.480469 0.285156 0.484375 0.296875 0.496094 0.304688 0.496094 0.316406 0.507812 0.316406 0.511719 0.320312 0.515625 0.320312 0.519531 0.324219 0.523438 0.324219 0.527344 0.328125 0.531250 0.328125 0.546875 0.335938 0.554688 0.335938 0.558594 0.339844 0.562500 0.339844 0.566406 0.343750 0.570312 0.343750 0.585938 0.339844 0.589844 0.339844 0.593750 0.316406 0.617188 0.316406 0.621094 0.304688 0.632812 0.304688 0.636719 0.300781 0.640625 0.304688 0.644531 0.304688 0.648438 0.308594 0.652344 0.308594 0.656250 0.312500 0.660156 0.312500 0.664062 0.316406 0.667969 0.320312 0.667969 0.324219 0.671875 0.328125 0.671875 0.343750 0.687500 0.343750 0.691406 0.347656 0.695312 0.347656 0.703125 0.343750 0.707031 0.343750 0.710938 0.339844 0.714844 0.339844 0.738281 0.347656 0.746094 0.347656 0.750000 0.351562 0.753906 0.355469 0.753906 0.371094 0.769531 0.371094 0.781250 0.367188 0.785156 0.367188 0.789062 0.371094 0.792969 0.371094 0.808594 0.375000 0.812500 0.375000 0.820312 0.378906 0.824219 0.378906 0.828125 0.386719 0.835938 0.386719 0.839844 0.398438 0.851562 0.402344 0.851562 0.406250 0.855469 0.410156 0.855469 0.445312 0.890625 0.445312 0.894531 0.449219 0.898438 0.449219 0.914062 0.445312 0.917969 0.445312 0.921875 0.441406 0.925781 0.441406 0.937500 0.445312 0.941406 0.445312 0.945312 0.453125 0.953125 0.453125 0.957031 0.460938 0.964844 0.460938 0.968750 0.476562 0.984375 0.500000 0.984375 0.503906 0.980469 0.511719 0.980469 0.515625 0.976562 0.519531 0.980469 0.523438 0.980469 0.527344 0.984375 0.527344 0.996094 0.585938 0.996094 0.582031 0.992188 0.582031 0.988281 0.578125 0.984375 0.578125 0.980469 0.574219 0.976562 0.574219 0.968750 0.570312 0.964844 0.570312 0.957031 0.566406 0.953125 0.566406 0.945312 0.562500 0.941406 0.562500 0.929688 0.558594 0.925781 0.558594 0.917969 0.554688 0.914062 0.554688 0.910156 0.550781 0.906250 0.550781 0.890625 0.562500 0.878906 0.566406 0.878906 0.574219 0.871094 0.578125 0.871094 0.582031 0.867188 0.597656 0.867188 0.605469 0.859375 0.609375 0.859375 0.617188 0.851562 0.625000 0.851562 0.628906 0.847656 0.632812 0.847656 0.636719 0.843750 0.640625 0.843750 0.644531 0.839844 0.652344 0.839844 0.656250 0.835938 0.671875 0.835938 0.675781 0.832031 0.679688 0.832031 0.679688 0.828125 0.683594 0.824219 0.679688 0.820312 0.679688 0.816406 0.675781 0.812500 0.632812 0.812500 0.628906 0.808594 0.625000 0.808594 0.601562 0.785156 0.593750 0.785156 0.585938 0.792969 0.585938 0.800781 0.589844 0.804688 0.589844 0.812500 0.585938 0.816406 0.585938 0.839844 0.574219 0.851562 0.535156 0.851562 0.531250 0.847656 0.523438 0.847656 0.515625 0.839844 0.515625 0.835938 0.507812 0.828125 0.507812 0.824219 0.496094 0.812500 0.496094 0.808594 0.484375 0.796875 0.484375 0.753906 0.476562 0.746094 0.468750 0.746094 0.460938 0.753906 0.421875 0.753906 0.410156 0.742188 0.410156 0.734375 0.406250 0.730469 0.406250 0.707031 0.402344 0.703125 0.402344 0.699219 0.398438 0.695312 0.398438 0.691406 0.402344 0.687500 0.402344 0.683594 0.406250 0.679688 0.406250 0.675781 0.410156 0.671875 0.410156 0.667969 0.414062 0.664062 0.414062 0.660156 0.421875 0.652344 0.421875 0.644531 0.417969 0.640625 0.417969 0.636719 0.414062 0.632812 0.414062 0.628906 0.410156 0.625000 0.410156 0.621094 0.406250 0.617188 0.406250 0.609375 0.402344 0.605469 0.402344 0.570312 0.398438 0.566406 0.398438 0.562500 0.382812 0.546875 0.382812 0.542969 0.375000 0.535156 0.375000 0.531250 0.371094 0.527344 0.371094 0.523438 0.367188 0.519531 0.367188 0.515625 0.363281 0.511719 0.363281 0.468750 0.359375 0.464844 0.359375 0.449219 0.351562 0.441406 0.351562 0.437500 0.347656 0.437500 0.339844 0.445312 0.328125 0.445312 0.320312 0.437500 0.316406 0.437500 0.312500 0.433594 0.308594 0.433594 0.300781 0.425781 0.292969 0.425781 0.289062 0.421875 0.289062 0.417969 0.281250 0.410156 0.277344 0.410156 0.265625 0.398438 0.265625 0.394531 0.261719 0.390625 0.261719 0.375000 0.265625 0.371094 0.265625 0.367188 0.261719 0.363281 0.261719 0.359375 0.257812 0.355469 0.257812 0.351562 0.250000 0.351562 0.246094 0.347656
0 0.816406 0.195312 0.812500 0.199219 0.816406 0.199219
0 0.738281 0.152344 0.738281 0.160156 0.750000 0.160156 0.750000 0.156250 0.746094 0.152344
0 0.164062 0.128906 0.160156 0.132812 0.160156 0.136719 0.164062 0.140625 0.167969 0.140625 0.175781 0.148438 0.183594 0.148438 0.183594 0.136719 0.175781 0.128906
1 0.000000 0.000000 0.000000 0.968750 0.003906 0.972656 0.007812 0.972656 0.023438 0.988281 0.023438 0.992188 0.027344 0.996094 0.523438 0.996094 0.523438 0.984375 0.519531 0.984375 0.515625 0.980469 0.511719 0.984375 0.503906 0.984375 0.500000 0.988281 0.476562 0.988281 0.457031 0.968750 0.457031 0.964844 0.449219 0.957031 0.449219 0.953125 0.441406 0.945312 0.441406 0.941406 0.437500 0.937500 0.437500 0.925781 0.441406 0.921875 0.441406 0.917969 0.445312 0.914062 0.445312 0.898438 0.441406 0.894531 0.441406 0.890625 0.410156 0.859375 0.406250 0.859375 0.402344 0.855469 0.398438 0.855469 0.382812 0.839844 0.382812 0.835938 0.375000 0.828125 0.375000 0.824219 0.371094 0.820312 0.371094 0.812500 0.367188 0.808594 0.367188 0.792969 0.363281 0.789062 0.363281 0.785156 0.367188 0.781250 0.367188 0.769531 0.355469 0.757812 0.351562 0.757812 0.343750 0.750000 0.343750 0.746094 0.335938 0.738281 0.335938 0.714844 0.339844 0.710938 0.339844 0.707031 0.343750 0.703125 0.343750 0.695312 0.339844 0.691406 0.339844 0.687500 0.328125 0.675781 0.324219 0.675781 0.320312 0.671875 0.316406 0.671875 0.308594 0.664062 0.308594 0.660156 0.304688 0.656250 0.304688 0.652344 0.300781 0.648438 0.300781 0.644531 0.296875 0.640625 0.300781 0.636719 0.300781 0.632812 0.312500 0.621094 0.312500 0.617188 0.335938 0.593750 0.335938 0.589844 0.339844 0.585938 0.339844 0.570312 0.335938 0.566406 0.335938 0.562500 0.332031 0.558594 0.332031 0.554688 0.324219 0.546875 0.324219 0.531250 0.320312 0.527344 0.320312 0.523438 0.316406 0.519531 0.316406 0.515625 0.312500 0.511719 0.312500 0.507812 0.304688 0.500000 0.296875 0.500000 0.281250 0.484375 0.281250 0.480469 0.277344 0.476562 0.277344 0.472656 0.269531 0.464844 0.261719 0.464844 0.253906 0.457031 0.250000 0.457031 0.246094 0.453125 0.242188 0.453125 0.238281 0.457031 0.234375 0.457031 0.230469 0.460938 0.222656 0.453125 0.222656 0.449219 0.226562 0.445312 0.226562 0.433594 0.199219 0.406250 0.199219 0.398438 0.195312 0.394531 0.195312 0.390625 0.187500 0.382812 0.187500 0.371094 0.199219 0.359375 0.203125 0.359375 0.207031 0.355469 0.214844 0.355469 0.218750 0.351562 0.222656 0.351562 0.230469 0.343750 0.246094 0.343750 0.250000 0.347656 0.257812 0.347656 0.261719 0.351562 0.261719 0.355469 0.265625 0.359375 0.265625 0.363281 0.269531 0.367188 0.269531 0.371094 0.265625 0.375000 0.265625 0.390625 0.269531 0.394531 0.269531 0.398438 0.277344 0.406250 0.281250 0.406250 0.292969 0.417969 0.292969 0.421875 0.300781 0.421875 0.308594 0.429688 0.312500 0.429688 0.316406 0.433594 0.320312 0.433594 0.328125 0.441406 0.339844 0.441406 0.347656 0.433594 0.351562 0.433594 0.355469 0.437500 0.355469 0.441406 0.363281 0.449219 0.363281 0.464844 0.367188 0.468750 0.367188 0.511719 0.371094 0.515625 0.371094 0.519531 0.375000 0.523438 0.375000 0.527344 0.378906 0.531250 0.378906 0.535156 0.386719 0.542969 0.386719 0.546875 0.402344 0.562500 0.402344 0.566406 0.406250 0.570312 0.406250 0.605469 0.410156 0.609375 0.410156 0.617188 0.414062 0.621094 0.414062 0.625000 0.417969 0.628906 0.417969 0.632812 0.421875 0.636719 0.421875 0.640625 0.425781 0.644531 0.425781 0.652344 0.417969 0.660156 0.417969 0.664062 0.414062 0.667969 0.414062 0.671875 0.410156 0.675781 0.410156 0.679688 0.406250 0.683594 0.406250 0.687500 0.402344 0.691406 0.402344 0.695312 0.406250 0.699219 0.406250 0.703125 0.410156 0.707031 0.410156 0.730469 0.414062 0.734375 0.414062 0.742188 0.421875 0.750000 0.460938 0.750000 0.468750 0.742188 0.476562 0.742188 0.488281 0.753906 0.488281 0.796875 0.500000 0.808594 0.500000 0.812500 0.511719 0.824219 0.511719 0.828125 0.519531 0.835938 0.519531 0.839844 0.523438 0.843750 0.531250 0.843750 0.535156 0.847656 0.574219 0.847656 0.582031 0.839844 0.582031 0.816406 0.585938 0.812500 0.585938 0.804688 0.582031 0.800781 0.582031 0.792969 0.593750 0.781250 0.601562 0.781250 0.625000 0.804688 0.628906 0.804688 0.632812 0.808594 0.675781 0.808594 0.683594 0.816406 0.683594 0.820312 0.687500 0.824219 0.683594 0.828125 0.683594 0.832031 0.679688 0.835938 0.675781 0.835938 0.671875 0.839844 0.656250 0.839844 0.652344 0.843750 0.644531 0.843750 0.640625 0.847656 0.636719 0.847656 0.632812 0.851562 0.628906 0.851562 0.625000 0.855469 0.617188 0.855469 0.609375 0.863281 0.605469 0.863281 0.597656 0.871094 0.582031 0.871094 0.578125 0.875000 0.574219 0.875000 0.566406 0.882812 0.562500 0.882812 0.554688 0.890625 0.554688 0.906250 0.558594 0.910156 0.558594 0.914062 0.562500 0.917969 0.562500 0.925781 0.566406 0.929688 0.566406 0.941406 0.570312 0.945312 0.570312 0.953125 0.574219 0.957031 0.574219 0.964844 0.578125 0.968750 0.578125 0.976562 0.582031 0.980469 0.582031 0.984375 0.585938 0.988281 0.585938 0.992188 0.589844 0.996094 0.996094 0.996094 0.996094 0.000000
1 0.257812 0.703125 0.265625 0.703125 0.277344 0.714844 0.277344 0.722656 0.269531 0.730469 0.265625 0.730469 0.261719 0.734375 0.257812 0.734375 0.253906 0.730469 0.250000 0.730469 0.246094 0.726562 0.246094 0.714844
1 0.246094 0.640625 0.250000 0.644531 0.253906 0.644531 0.257812 0.648438 0.257812 0.656250 0.253906 0.660156 0.242188 0.660156 0.238281 0.656250 0.238281 0.648438
1 0.179688 0.589844 0.183594 0.585938 0.187500 0.585938 0.191406 0.589844 0.191406 0.593750 0.195312 0.597656 0.187500 0.605469 0.183594 0.605469 0.179688 0.601562
1 0.101562 0.519531 0.105469 0.515625 0.113281 0.515625 0.117188 0.519531 0.117188 0.523438 0.121094 0.527344 0.121094 0.554688 0.113281 0.562500 0.105469 0.562500 0.097656 0.554688 0.097656 0.550781 0.085938 0.539062 0.085938 0.531250 0.097656 0.519531
1 0.027344 0.460938 0.031250 0.457031 0.035156 0.457031 0.042969 0.464844 0.042969 0.472656 0.039062 0.476562 0.035156 0.476562 0.027344 0.468750
1 0.597656 0.437500 0.601562 0.433594 0.628906 0.433594 0.636719 0.441406 0.636719 0.453125 0.632812 0.457031 0.613281 0.457031 0.609375 0.453125 0.605469 0.453125 0.597656 0.445312
1 0.816406 0.191406 0.820312 0.195312 0.820312 0.199219 0.816406 0.203125 0.812500 0.203125 0.808594 0.199219
1 0.734375 0.152344 0.738281 0.148438 0.746094 0.148438 0.753906 0.156250 0.753906 0.160156 0.750000 0.164062 0.738281 0.164062 0.734375 0.160156
1 0.164062 0.125000 0.175781 0.125000 0.187500 0.136719 0.187500 0.148438 0.183594 0.152344 0.175781 0.152344 0.167969 0.144531 0.164062 0.144531 0.156250 0.136719 0.156250 0.132812
