0 0.453125 0.847656 0.445312 0.855469 0.445312 0.863281 0.449219 0.867188 0.453125 0.867188 0.457031 0.871094 0.460938 0.871094 0.464844 0.867188 0.468750 0.867188 0.468750 0.855469 0.460938 0.847656
0 0.472656 0.785156 0.468750 0.789062 0.464844 0.789062 0.464844 0.796875 0.476562 0.796875 0.476562 0.789062
0 0.531250 0.730469 0.531250 0.734375 0.527344 0.738281 0.531250 0.742188 0.535156 0.742188 0.535156 0.730469
0 0.605469 0.660156 0.605469 0.664062 0.601562 0.667969 0.601562 0.695312 0.605469 0.699219 0.613281 0.699219 0.617188 0.695312 0.617188 0.691406 0.628906 0.679688 0.628906 0.671875 0.621094 0.664062 0.617188 0.664062 0.613281 0.660156
0 0.683594 0.601562 0.679688 0.605469 0.679688 0.613281 0.683594 0.613281 0.687500 0.609375 0.687500 0.601562
0 0.089844 0.578125 0.085938 0.582031 0.085938 0.593750 0.105469 0.593750 0.109375 0.589844 0.113281 0.589844 0.117188 0.585938 0.117188 0.578125
0 0.734375 0.546875 0.726562 0.554688 0.726562 0.578125 0.734375 0.578125 0.738281 0.574219 0.742188 0.574219 0.746094 0.570312 0.746094 0.566406 0.750000 0.562500 0.750000 0.554688 0.746094 0.550781 0.746094 0.546875
0 0.472656 0.488281 0.468750 0.492188 0.460938 0.492188 0.460938 0.496094 0.457031 0.500000 0.457031 0.503906 0.453125 0.507812 0.453125 0.511719 0.457031 0.515625 0.457031 0.531250 0.453125 0.535156 0.453125 0.539062 0.441406 0.550781 0.437500 0.550781 0.429688 0.558594 0.429688 0.562500 0.425781 0.566406 0.417969 0.566406 0.410156 0.574219 0.406250 0.574219 0.402344 0.578125 0.398438 0.578125 0.390625 0.585938 0.378906 0.585938 0.371094 0.578125 0.367188 0.578125 0.367188 0.582031 0.359375 0.589844 0.359375 0.605469 0.355469 0.609375 0.355469 0.652344 0.351562 0.656250 0.351562 0.660156 0.347656 0.664062 0.347656 0.667969 0.343750 0.671875 0.343750 0.675781 0.335938 0.683594 0.335938 0.687500 0.320312 0.703125 0.320312 0.707031 0.316406 0.710938 0.316406 0.746094 0.312500 0.750000 0.312500 0.757812 0.308594 0.761719 0.308594 0.765625 0.304688 0.769531 0.304688 0.773438 0.300781 0.777344 0.300781 0.781250 0.296875 0.785156 0.296875 0.792969 0.304688 0.800781 0.304688 0.804688 0.308594 0.808594 0.308594 0.812500 0.312500 0.816406 0.312500 0.820312 0.316406 0.824219 0.316406 0.828125 0.320312 0.832031 0.320312 0.835938 0.316406 0.839844 0.316406 0.843750 0.312500 0.847656 0.312500 0.871094 0.308594 0.875000 0.308594 0.882812 0.296875 0.894531 0.257812 0.894531 0.250000 0.886719 0.242188 0.886719 0.234375 0.894531 0.234375 0.937500 0.222656 0.949219 0.222656 0.953125 0.210938 0.964844 0.210938 0.968750 0.203125 0.976562 0.203125 0.980469 0.195312 0.988281 0.187500 0.988281 0.183594 0.992188 0.144531 0.992188 0.132812 0.980469 0.132812 0.957031 0.128906 0.953125 0.128906 0.945312 0.132812 0.941406 0.132812 0.933594 0.125000 0.925781 0.117188 0.925781 0.093750 0.949219 0.089844 0.949219 0.085938 0.953125 0.042969 0.953125 0.039062 0.957031 0.039062 0.960938 0.035156 0.964844 0.039062 0.968750 0.039062 0.972656 0.042969 0.972656 0.046875 0.976562 0.062500 0.976562 0.066406 0.980469 0.074219 0.980469 0.078125 0.984375 0.082031 0.984375 0.085938 0.988281 0.089844 0.988281 0.093750 0.992188 0.101562 0.992188 0.105469 0.996094 0.312500 0.996094 0.316406 0.992188 0.320312 0.992188 0.332031 0.980469 0.332031 0.976562 0.339844 0.968750 0.339844 0.964844 0.343750 0.960938 0.343750 0.953125 0.347656 0.949219 0.347656 0.933594 0.351562 0.929688 0.351562 0.925781 0.347656 0.921875 0.347656 0.910156 0.363281 0.894531 0.367188 0.894531 0.371094 0.890625 0.371094 0.886719 0.378906 0.878906 0.378906 0.855469 0.375000 0.851562 0.375000 0.847656 0.371094 0.843750 0.371094 0.835938 0.375000 0.832031 0.375000 0.828125 0.390625 0.812500 0.394531 0.812500 0.398438 0.808594 0.402344 0.808594 0.406250 0.804688 0.406250 0.800781 0.410156 0.796875 0.410156 0.792969 0.414062 0.789062 0.414062 0.785156 0.417969 0.781250 0.414062 0.777344 0.414062 0.773438 0.402344 0.761719 0.402344 0.757812 0.378906 0.734375 0.378906 0.730469 0.375000 0.726562 0.375000 0.710938 0.378906 0.707031 0.378906 0.703125 0.382812 0.699219 0.382812 0.695312 0.390625 0.687500 0.390625 0.671875 0.394531 0.667969 0.394531 0.664062 0.398438 0.660156 0.398438 0.656250 0.402344 0.652344 0.402344 0.648438 0.414062 0.636719 0.421875 0.636719 0.433594 0.625000 0.433594 0.621094 0.437500 0.617188 0.437500 0.613281 0.449219 0.601562 0.457031 0.601562 0.464844 0.593750 0.468750 0.593750 0.472656 0.589844 0.476562 0.589844 0.480469 0.593750 0.484375 0.593750 0.488281 0.597656 0.492188 0.593750 0.492188 0.589844 0.488281 0.585938 0.488281 0.574219 0.515625 0.546875 0.515625 0.539062 0.519531 0.535156 0.519531 0.531250 0.527344 0.523438 0.527344 0.511719 0.519531 0.503906 0.515625 0.503906 0.511719 0.500000 0.503906 0.500000 0.500000 0.496094 0.496094 0.496094 0.488281 0.488281
0 0.542969 0.269531 0.535156 0.277344 0.535156 0.289062 0.542969 0.289062 0.550781 0.281250 0.554688 0.281250 0.558594 0.277344 0.558594 0.273438 0.554688 0.269531
0 0.789062 0.222656 0.781250 0.230469 0.777344 0.230469 0.773438 0.234375 0.773438 0.250000 0.777344 0.253906 0.785156 0.253906 0.789062 0.257812 0.800781 0.257812 0.804688 0.253906 0.808594 0.253906 0.808594 0.246094 0.804688 0.242188 0.804688 0.226562 0.800781 0.222656
0 0.945312 0.000000 0.945312 0.011719 0.949219 0.015625 0.949219 0.042969 0.953125 0.046875 0.953125 0.054688 0.957031 0.058594 0.957031 0.066406 0.960938 0.070312 0.960938 0.082031 0.964844 0.085938 0.964844 0.097656 0.968750 0.101562 0.968750 0.125000 0.964844 0.128906 0.964844 0.156250 0.968750 0.160156 0.968750 0.203125 0.964844 0.207031 0.964844 0.210938 0.960938 0.214844 0.960938 0.218750 0.945312 0.234375 0.941406 0.234375 0.937500 0.238281 0.929688 0.238281 0.925781 0.242188 0.925781 0.246094 0.917969 0.253906 0.917969 0.257812 0.906250 0.269531 0.902344 0.269531 0.898438 0.273438 0.890625 0.273438 0.878906 0.285156 0.867188 0.285156 0.859375 0.292969 0.859375 0.296875 0.855469 0.300781 0.855469 0.308594 0.859375 0.312500 0.859375 0.328125 0.855469 0.332031 0.855469 0.339844 0.839844 0.355469 0.835938 0.355469 0.832031 0.351562 0.820312 0.351562 0.816406 0.355469 0.812500 0.355469 0.796875 0.371094 0.796875 0.386719 0.785156 0.398438 0.785156 0.417969 0.777344 0.425781 0.769531 0.425781 0.765625 0.421875 0.761719 0.425781 0.761719 0.437500 0.765625 0.441406 0.773438 0.441406 0.777344 0.445312 0.792969 0.445312 0.792969 0.441406 0.796875 0.437500 0.796875 0.410156 0.808594 0.398438 0.812500 0.398438 0.820312 0.406250 0.824219 0.406250 0.828125 0.410156 0.828125 0.417969 0.832031 0.421875 0.832031 0.425781 0.828125 0.429688 0.828125 0.437500 0.832031 0.441406 0.832031 0.460938 0.835938 0.464844 0.835938 0.484375 0.828125 0.492188 0.820312 0.484375 0.820312 0.476562 0.812500 0.468750 0.785156 0.468750 0.785156 0.476562 0.781250 0.480469 0.781250 0.496094 0.785156 0.500000 0.824219 0.500000 0.828125 0.503906 0.828125 0.519531 0.832031 0.523438 0.832031 0.582031 0.835938 0.585938 0.835938 0.593750 0.832031 0.597656 0.832031 0.656250 0.839844 0.664062 0.839844 0.671875 0.843750 0.675781 0.839844 0.679688 0.839844 0.691406 0.843750 0.695312 0.843750 0.707031 0.847656 0.710938 0.847656 0.730469 0.851562 0.734375 0.851562 0.804688 0.847656 0.808594 0.847656 0.812500 0.843750 0.816406 0.843750 0.820312 0.839844 0.824219 0.839844 0.828125 0.843750 0.832031 0.843750 0.835938 0.847656 0.839844 0.847656 0.847656 0.851562 0.851562 0.851562 0.859375 0.855469 0.863281 0.855469 0.875000 0.859375 0.878906 0.859375 0.898438 0.832031 0.925781 0.828125 0.925781 0.812500 0.941406 0.808594 0.941406 0.800781 0.949219 0.792969 0.949219 0.789062 0.953125 0.785156 0.953125 0.769531 0.968750 0.769531 0.972656 0.765625 0.976562 0.765625 0.980469 0.761719 0.984375 0.761719 0.996094 0.949219 0.996094 0.949219 0.992188 0.960938 0.980469 0.964844 0.980469 0.968750 0.976562 0.972656 0.976562 0.976562 0.980469 0.984375 0.980469 0.996094 0.992188 0.996094 0.000000
1 0.968750 0.980469 0.964844 0.984375 0.960938 0.984375 0.953125 0.992188 0.953125 0.996094 0.996094 0.996094 0.984375 0.984375 0.976562 0.984375 0.972656 0.980469
1 0.000000 0.000000 0.000000 0.996094 0.101562 0.996094 0.093750 0.996094 0.089844 0.992188 0.085938 0.992188 0.082031 0.988281 0.078125 0.988281 0.074219 0.984375 0.066406 0.984375 0.062500 0.980469 0.046875 0.980469 0.042969 0.976562 0.039062 0.976562 0.035156 0.972656 0.035156 0.968750 0.031250 0.964844 0.035156 0.960938 0.035156 0.957031 0.042969 0.949219 0.085938 0.949219 0.089844 0.945312 0.093750 0.945312 0.117188 0.921875 0.125000 0.921875 0.136719 0.933594 0.136719 0.941406 0.132812 0.945312 0.132812 0.953125 0.136719 0.957031 0.136719 0.980469 0.144531 0.988281 0.183594 0.988281 0.187500 0.984375 0.195312 0.984375 0.199219 0.980469 0.199219 0.976562 0.207031 0.968750 0.207031 0.964844 0.218750 0.953125 0.218750 0.949219 0.230469 0.937500 0.230469 0.894531 0.242188 0.882812 0.250000 0.882812 0.257812 0.890625 0.296875 0.890625 0.304688 0.882812 0.304688 0.875000 0.308594 0.871094 0.308594 0.847656 0.312500 0.843750 0.312500 0.839844 0.316406 0.835938 0.316406 0.832031 0.312500 0.828125 0.312500 0.824219 0.308594 0.820312 0.308594 0.816406 0.304688 0.812500 0.304688 0.808594 0.300781 0.804688 0.300781 0.800781 0.292969 0.792969 0.292969 0.785156 0.296875 0.781250 0.296875 0.777344 0.300781 0.773438 0.300781 0.769531 0.304688 0.765625 0.304688 0.761719 0.308594 0.757812 0.308594 0.750000 0.312500 0.746094 0.312500 0.710938 0.316406 0.707031 0.316406 0.703125 0.332031 0.687500 0.332031 0.683594 0.339844 0.675781 0.339844 0.671875 0.343750 0.667969 0.343750 0.664062 0.347656 0.660156 0.347656 0.656250 0.351562 0.652344 0.351562 0.609375 0.355469 0.605469 0.355469 0.589844 0.363281 0.582031 0.363281 0.578125 0.367188 0.574219 0.371094 0.574219 0.378906 0.582031 0.390625 0.582031 0.398438 0.574219 0.402344 0.574219 0.406250 0.570312 0.410156 0.570312 0.417969 0.562500 0.425781 0.562500 0.425781 0.558594 0.437500 0.546875 0.441406 0.546875 0.449219 0.539062 0.449219 0.535156 0.453125 0.531250 0.453125 0.515625 0.449219 0.511719 0.449219 0.507812 0.453125 0.503906 0.453125 0.500000 0.457031 0.496094 0.457031 0.492188 0.460938 0.488281 0.468750 0.488281 0.472656 0.484375 0.488281 0.484375 0.496094 0.492188 0.500000 0.492188 0.503906 0.496094 0.511719 0.496094 0.515625 0.500000 0.519531 0.500000 0.531250 0.511719 0.531250 0.523438 0.523438 0.531250 0.523438 0.535156 0.519531 0.539062 0.519531 0.546875 0.492188 0.574219 0.492188 0.585938 0.496094 0.589844 0.496094 0.593750 0.488281 0.601562 0.484375 0.597656 0.480469 0.597656 0.476562 0.593750 0.472656 0.593750 0.468750 0.597656 0.464844 0.597656 0.457031 0.605469 0.449219 0.605469 0.441406 0.613281 0.441406 0.617188 0.437500 0.621094 0.437500 0.625000 0.421875 0.640625 0.414062 0.640625 0.406250 0.648438 0.406250 0.652344 0.402344 0.656250 0.402344 0.660156 0.398438 0.664062 0.398438 0.667969 0.394531 0.671875 0.394531 0.687500 0.386719 0.695312 0.386719 0.699219 0.382812 0.703125 0.382812 0.707031 0.378906 0.710938 0.378906 0.726562 0.382812 0.730469 0.382812 0.734375 0.406250 0.757812 0.406250 0.761719 0.417969 0.773438 0.417969 0.777344 0.421875 0.781250 0.417969 0.785156 0.417969 0.789062 0.414062 0.792969 0.414062 0.796875 0.410156 0.800781 0.410156 0.804688 0.402344 0.812500 0.398438 0.812500 0.394531 0.816406 0.390625 0.816406 0.378906 0.828125 0.378906 0.832031 0.375000 0.835938 0.375000 0.843750 0.378906 0.847656 0.378906 0.851562 0.382812 0.855469 0.382812 0.878906 0.375000 0.886719 0.375000 0.890625 0.367188 0.898438 0.363281 0.898438 0.351562 0.910156 0.351562 0.921875 0.355469 0.925781 0.355469 0.929688 0.351562 0.933594 0.351562 0.949219 0.347656 0.953125 0.347656 0.960938 0.343750 0.964844 0.343750 0.968750 0.335938 0.976562 0.335938 0.980469 0.320312 0.996094 0.316406 0.996094 0.757812 0.996094 0.757812 0.984375 0.761719 0.980469 0.761719 0.976562 0.765625 0.972656 0.765625 0.968750 0.785156 0.949219 0.789062 0.949219 0.792969 0.945312 0.800781 0.945312 0.808594 0.937500 0.812500 0.937500 0.828125 0.921875 0.832031 0.921875 0.855469 0.898438 0.855469 0.878906 0.851562 0.875000 0.851562 0.863281 0.847656 0.859375 0.847656 0.851562 0.843750 0.847656 0.843750 0.839844 0.839844 0.835938 0.839844 0.832031 0.835938 0.828125 0.835938 0.824219 0.839844 0.820312 0.839844 0.816406 0.843750 0.812500 0.843750 0.808594 0.847656 0.804688 0.847656 0.734375 0.843750 0.730469 0.843750 0.710938 0.839844 0.707031 0.839844 0.695312 0.835938 0.691406 0.835938 0.679688 0.839844 0.675781 0.835938 0.671875 0.835938 0.664062 0.828125 0.656250 0.828125 0.597656 0.832031 0.593750 0.832031 0.585938 0.828125 0.582031 0.828125 0.523438 0.824219 0.519531 0.824219 0.503906 0.785156 0.503906 0.777344 0.496094 0.777344 0.480469 0.781250 0.476562 0.781250 0.468750 0.785156 0.464844 0.812500 0.464844 0.824219 0.476562 0.824219 0.484375 0.828125 0.488281 0.832031 0.484375 0.832031 0.464844 0.828125 0.460938 0.828125 0.441406 0.824219 0.437500 0.824219 0.429688 0.828125 0.425781 0.828125 0.421875 0.824219 0.417969 0.824219 0.410156 0.820312 0.410156 0.812500 0.402344 0.808594 0.402344 0.800781 0.410156 0.800781 0.437500 0.796875 0.441406 0.796875 0.445312 0.792969 0.449219 0.777344 0.449219 0.773438 0.445312 0.765625 0.445312 0.757812 0.437500 0.757812 0.425781 0.765625 0.417969 0.769531 0.421875 0.777344 0.421875 0.781250 0.417969 0.781250 0.398438 0.792969 0.386719 0.792969 0.371094 0.812500 0.351562 0.816406 0.351562 0.820312 0.347656 0.832031 0.347656 0.835938 0.351562 0.839844 0.351562 0.851562 0.339844 0.851562 0.332031 0.855469 0.328125 0.855469 0.312500 0.851562 0.308594 0.851562 0.300781 0.855469 0.296875 0.855469 0.292969 0.867188 0.281250 0.878906 0.281250 0.890625 0.269531 0.898438 0.269531 0.902344 0.265625 0.906250 0.265625 0.914062 0.257812 0.914062 0.253906 0.921875 0.246094 0.921875 0.242188 0.929688 0.234375 0.937500 0.234375 0.941406 0.230469 0.945312 0.230469 0.957031 0.218750 0.957031 0.214844 0.960938 0.210938 0.960938 0.207031 0.964844 0.203125 0.964844 0.160156 0.960938 0.156250 0.960938 0.128906 0.964844 0.125000 0.964844 0.101562 0.960938 0.097656 0.960938 0.085938 0.957031 0.082031 0.957031 0.070312 0.953125 0.066406 0.953125 0.058594 0.949219 0.054688 0.949219 0.046875 0.945312 0.042969 0.945312 0.015625 0.941406 0.011719 0.941406 0.000000
1 0.453125 0.843750 0.460938 0.843750 0.472656 0.855469 0.472656 0.867188 0.468750 0.871094 0.464844 0.871094 0.460938 0.875000 0.457031 0.875000 0.453125 0.871094 0.449219 0.871094 0.441406 0.863281 0.441406 0.855469
1 0.468750 0.785156 0.472656 0.781250 0.480469 0.789062 0.480469 0.796875 0.476562 0.800781 0.464844 0.800781 0.460938 0.796875 0.460938 0.789062 0.464844 0.785156
1 0.527344 0.730469 0.531250 0.726562 0.535156 0.726562 0.539062 0.730469 0.539062 0.742188 0.535156 0.746094 0.531250 0.746094 0.523438 0.738281 0.527344 0.734375
1 0.601562 0.660156 0.605469 0.656250 0.613281 0.656250 0.617188 0.660156 0.621094 0.660156 0.632812 0.671875 0.632812 0.679688 0.621094 0.691406 0.621094 0.695312 0.613281 0.703125 0.605469 0.703125 0.597656 0.695312 0.597656 0.667969 0.601562 0.664062
1 0.683594 0.597656 0.687500 0.597656 0.691406 0.601562 0.691406 0.609375 0.683594 0.617188 0.679688 0.617188 0.675781 0.613281 0.675781 0.605469
1 0.089844 0.574219 0.117188 0.574219 0.121094 0.578125 0.121094 0.585938 0.113281 0.593750 0.109375 0.593750 0.105469 0.597656 0.085938 0.597656 0.082031 0.593750 0.082031 0.582031
1 0.734375 0.542969 0.746094 0.542969 0.750000 0.546875 0.750000 0.550781 0.753906 0.554688 0.753906 0.562500 0.750000 0.566406 0.750000 0.570312 0.742188 0.578125 0.738281 0.578125 0.734375 0.582031 0.726562 0.582031 0.722656 0.578125 0.722656 0.554688
1 0.542969 0.265625 0.554688 0.265625 0.562500 0.273438 0.562500 0.277344 0.554688 0.285156 0.550781 0.285156 0.542969 0.292969 0.535156 0.292969 0.531250 0.289062 0.531250 0.277344
1 0.789062 0.218750 0.800781 0.218750 0.808594 0.226562 0.808594 0.242188 0.812500 0.246094 0.812500 0.253906 0.808594 0.257812 0.804688 0.257812 0.800781 0.261719 0.789062 0.261719 0.785156 0.257812 0.777344 0.257812 0.769531 0.250000 0.769531 0.234375 0.777344 0.226562 0.781250 0.226562
