0 0.679688 0.949219 0.671875 0.957031 0.671875 0.976562 0.675781 0.980469 0.675781 0.984375 0.679688 0.988281 0.687500 0.988281 0.695312 0.980469 0.695312 0.972656 0.691406 0.968750 0.691406 0.960938 0.687500 0.957031 0.687500 0.953125 0.683594 0.949219
0 0.539062 0.929688 0.535156 0.933594 0.535156 0.960938 0.542969 0.968750 0.558594 0.968750 0.562500 0.964844 0.566406 0.964844 0.574219 0.957031 0.578125 0.957031 0.578125 0.941406 0.574219 0.937500 0.570312 0.937500 0.562500 0.929688
0 0.996094 0.531250 0.988281 0.539062 0.988281 0.542969 0.984375 0.546875 0.984375 0.550781 0.980469 0.554688 0.980469 0.605469 0.976562 0.609375 0.976562 0.613281 0.972656 0.617188 0.972656 0.621094 0.964844 0.628906 0.964844 0.636719 0.960938 0.640625 0.960938 0.648438 0.957031 0.652344 0.957031 0.656250 0.953125 0.660156 0.953125 0.667969 0.933594 0.687500 0.929688 0.687500 0.917969 0.699219 0.917969 0.703125 0.910156 0.710938 0.910156 0.714844 0.906250 0.718750 0.906250 0.722656 0.902344 0.726562 0.902344 0.730469 0.898438 0.734375 0.898438 0.738281 0.894531 0.742188 0.894531 0.746094 0.890625 0.750000 0.890625 0.753906 0.886719 0.757812 0.886719 0.765625 0.882812 0.769531 0.882812 0.777344 0.878906 0.781250 0.878906 0.792969 0.875000 0.796875 0.875000 0.800781 0.871094 0.804688 0.871094 0.808594 0.863281 0.816406 0.863281 0.820312 0.855469 0.828125 0.851562 0.828125 0.843750 0.835938 0.839844 0.835938 0.832031 0.843750 0.828125 0.843750 0.820312 0.851562 0.820312 0.867188 0.816406 0.871094 0.816406 0.882812 0.812500 0.886719 0.812500 0.898438 0.816406 0.902344 0.816406 0.914062 0.820312 0.917969 0.820312 0.929688 0.824219 0.933594 0.824219 0.957031 0.820312 0.960938 0.820312 0.964844 0.808594 0.976562 0.804688 0.976562 0.800781 0.980469 0.792969 0.980469 0.789062 0.984375 0.773438 0.984375 0.769531 0.988281 0.761719 0.988281 0.753906 0.996094 0.886719 0.996094 0.886719 0.976562 0.890625 0.972656 0.890625 0.953125 0.894531 0.949219 0.894531 0.941406 0.898438 0.937500 0.898438 0.933594 0.906250 0.925781 0.906250 0.921875 0.917969 0.910156 0.921875 0.910156 0.941406 0.890625 0.941406 0.886719 0.945312 0.882812 0.945312 0.878906 0.949219 0.875000 0.949219 0.867188 0.953125 0.863281 0.953125 0.843750 0.957031 0.839844 0.957031 0.832031 0.960938 0.828125 0.960938 0.820312 0.964844 0.816406 0.964844 0.812500 0.968750 0.808594 0.968750 0.804688 0.976562 0.796875 0.976562 0.792969 0.984375 0.785156 0.984375 0.781250 0.992188 0.773438 0.992188 0.769531 0.996094 0.765625
0 0.671875 0.417969 0.664062 0.425781 0.664062 0.433594 0.667969 0.437500 0.671875 0.437500 0.675781 0.441406 0.679688 0.441406 0.683594 0.437500 0.687500 0.437500 0.687500 0.425781 0.679688 0.417969
0 0.691406 0.355469 0.687500 0.359375 0.683594 0.359375 0.683594 0.367188 0.695312 0.367188 0.695312 0.359375
0 0.750000 0.300781 0.750000 0.304688 0.746094 0.308594 0.750000 0.312500 0.753906 0.312500 0.753906 0.300781
0 0.824219 0.230469 0.824219 0.234375 0.820312 0.238281 0.820312 0.265625 0.824219 0.269531 0.832031 0.269531 0.835938 0.265625 0.835938 0.261719 0.847656 0.250000 0.847656 0.242188 0.839844 0.234375 0.835938 0.234375 0.832031 0.230469
0 0.902344 0.171875 0.898438 0.175781 0.898438 0.183594 0.902344 0.183594 0.906250 0.179688 0.906250 0.171875
0 0.308594 0.148438 0.304688 0.152344 0.304688 0.164062 0.324219 0.164062 0.328125 0.160156 0.332031 0.160156 0.335938 0.156250 0.335938 0.148438
0 0.953125 0.117188 0.945312 0.125000 0.945312 0.148438 0.953125 0.148438 0.957031 0.144531 0.960938 0.144531 0.964844 0.140625 0.964844 0.136719 0.968750 0.132812 0.968750 0.125000 0.964844 0.121094 0.964844 0.117188
0 0.691406 0.058594 0.687500 0.062500 0.679688 0.062500 0.679688 0.066406 0.675781 0.070312 0.675781 0.074219 0.671875 0.078125 0.671875 0.082031 0.675781 0.085938 0.675781 0.101562 0.671875 0.105469 0.671875 0.109375 0.660156 0.121094 0.656250 0.121094 0.648438 0.128906 0.648438 0.132812 0.644531 0.136719 0.636719 0.136719 0.628906 0.144531 0.625000 0.144531 0.621094 0.148438 0.617188 0.148438 0.609375 0.156250 0.597656 0.156250 0.589844 0.148438 0.585938 0.148438 0.585938 0.152344 0.578125 0.160156 0.578125 0.175781 0.574219 0.179688 0.574219 0.222656 0.570312 0.226562 0.570312 0.230469 0.566406 0.234375 0.566406 0.238281 0.562500 0.242188 0.562500 0.246094 0.554688 0.253906 0.554688 0.257812 0.539062 0.273438 0.539062 0.277344 0.535156 0.281250 0.535156 0.316406 0.531250 0.320312 0.531250 0.328125 0.527344 0.332031 0.527344 0.335938 0.523438 0.339844 0.523438 0.343750 0.519531 0.347656 0.519531 0.351562 0.515625 0.355469 0.515625 0.363281 0.523438 0.371094 0.523438 0.375000 0.527344 0.378906 0.527344 0.382812 0.531250 0.386719 0.531250 0.390625 0.535156 0.394531 0.535156 0.398438 0.539062 0.402344 0.539062 0.406250 0.535156 0.410156 0.535156 0.414062 0.531250 0.417969 0.531250 0.441406 0.527344 0.445312 0.527344 0.453125 0.515625 0.464844 0.476562 0.464844 0.468750 0.457031 0.460938 0.457031 0.453125 0.464844 0.453125 0.507812 0.441406 0.519531 0.441406 0.523438 0.429688 0.535156 0.429688 0.539062 0.421875 0.546875 0.421875 0.550781 0.414062 0.558594 0.406250 0.558594 0.402344 0.562500 0.363281 0.562500 0.351562 0.550781 0.351562 0.527344 0.347656 0.523438 0.347656 0.515625 0.351562 0.511719 0.351562 0.503906 0.343750 0.496094 0.335938 0.496094 0.312500 0.519531 0.308594 0.519531 0.304688 0.523438 0.261719 0.523438 0.257812 0.527344 0.257812 0.531250 0.253906 0.535156 0.257812 0.539062 0.257812 0.542969 0.261719 0.542969 0.265625 0.546875 0.281250 0.546875 0.285156 0.550781 0.292969 0.550781 0.296875 0.554688 0.300781 0.554688 0.304688 0.558594 0.308594 0.558594 0.312500 0.562500 0.320312 0.562500 0.328125 0.570312 0.332031 0.570312 0.339844 0.578125 0.355469 0.578125 0.359375 0.582031 0.363281 0.582031 0.371094 0.589844 0.375000 0.589844 0.386719 0.601562 0.386719 0.617188 0.382812 0.621094 0.382812 0.625000 0.378906 0.628906 0.378906 0.636719 0.375000 0.640625 0.375000 0.652344 0.371094 0.656250 0.371094 0.664062 0.367188 0.667969 0.367188 0.675781 0.363281 0.679688 0.363281 0.687500 0.359375 0.691406 0.359375 0.695312 0.355469 0.699219 0.355469 0.703125 0.351562 0.707031 0.351562 0.718750 0.347656 0.722656 0.347656 0.730469 0.343750 0.734375 0.343750 0.738281 0.332031 0.750000 0.332031 0.753906 0.316406 0.769531 0.316406 0.773438 0.320312 0.777344 0.320312 0.781250 0.324219 0.781250 0.332031 0.789062 0.335938 0.789062 0.339844 0.792969 0.339844 0.800781 0.332031 0.808594 0.332031 0.812500 0.328125 0.816406 0.328125 0.820312 0.324219 0.824219 0.324219 0.828125 0.320312 0.832031 0.320312 0.835938 0.316406 0.839844 0.316406 0.843750 0.312500 0.847656 0.312500 0.851562 0.308594 0.855469 0.308594 0.859375 0.304688 0.863281 0.304688 0.878906 0.300781 0.882812 0.300781 0.894531 0.304688 0.898438 0.304688 0.906250 0.312500 0.914062 0.312500 0.917969 0.316406 0.921875 0.316406 0.925781 0.320312 0.929688 0.320312 0.933594 0.328125 0.941406 0.328125 0.945312 0.332031 0.949219 0.332031 0.957031 0.328125 0.960938 0.328125 0.964844 0.316406 0.976562 0.316406 0.980469 0.312500 0.984375 0.312500 0.992188 0.316406 0.996094 0.347656 0.996094 0.347656 0.972656 0.351562 0.968750 0.351562 0.949219 0.355469 0.945312 0.355469 0.933594 0.359375 0.929688 0.359375 0.914062 0.363281 0.910156 0.363281 0.898438 0.367188 0.894531 0.367188 0.867188 0.371094 0.863281 0.371094 0.855469 0.375000 0.851562 0.375000 0.847656 0.378906 0.843750 0.378906 0.839844 0.382812 0.835938 0.386719 0.835938 0.390625 0.832031 0.394531 0.832031 0.402344 0.824219 0.402344 0.812500 0.394531 0.804688 0.378906 0.804688 0.367188 0.792969 0.371094 0.789062 0.371094 0.785156 0.375000 0.781250 0.375000 0.777344 0.378906 0.773438 0.378906 0.769531 0.406250 0.742188 0.406250 0.738281 0.410156 0.734375 0.410156 0.695312 0.414062 0.691406 0.417969 0.691406 0.421875 0.687500 0.425781 0.691406 0.433594 0.691406 0.437500 0.695312 0.460938 0.695312 0.476562 0.679688 0.476562 0.675781 0.484375 0.667969 0.484375 0.664062 0.492188 0.656250 0.492188 0.652344 0.496094 0.648438 0.496094 0.636719 0.492188 0.632812 0.492188 0.628906 0.488281 0.625000 0.488281 0.609375 0.492188 0.605469 0.492188 0.601562 0.527344 0.566406 0.531250 0.566406 0.535156 0.562500 0.539062 0.562500 0.550781 0.550781 0.550781 0.546875 0.558594 0.539062 0.558594 0.535156 0.562500 0.531250 0.562500 0.523438 0.566406 0.519531 0.566406 0.503906 0.570312 0.500000 0.570312 0.496094 0.566406 0.492188 0.566406 0.480469 0.582031 0.464844 0.585938 0.464844 0.589844 0.460938 0.589844 0.457031 0.597656 0.449219 0.597656 0.425781 0.593750 0.421875 0.593750 0.417969 0.589844 0.414062 0.589844 0.406250 0.593750 0.402344 0.593750 0.398438 0.609375 0.382812 0.613281 0.382812 0.617188 0.378906 0.621094 0.378906 0.625000 0.375000 0.625000 0.371094 0.628906 0.367188 0.628906 0.363281 0.632812 0.359375 0.632812 0.355469 0.636719 0.351562 0.632812 0.347656 0.632812 0.343750 0.621094 0.332031 0.621094 0.328125 0.597656 0.304688 0.597656 0.300781 0.593750 0.296875 0.593750 0.281250 0.597656 0.277344 0.597656 0.273438 0.601562 0.269531 0.601562 0.265625 0.609375 0.257812 0.609375 0.242188 0.613281 0.238281 0.613281 0.234375 0.617188 0.230469 0.617188 0.226562 0.621094 0.222656 0.621094 0.218750 0.632812 0.207031 0.640625 0.207031 0.652344 0.195312 0.652344 0.191406 0.656250 0.187500 0.656250 0.183594 0.667969 0.171875 0.675781 0.171875 0.683594 0.164062 0.687500 0.164062 0.691406 0.160156 0.695312 0.160156 0.699219 0.164062 0.703125 0.164062 0.707031 0.167969 0.710938 0.164062 0.710938 0.160156 0.707031 0.156250 0.707031 0.144531 0.734375 0.117188 0.734375 0.109375 0.738281 0.105469 0.738281 0.101562 0.746094 0.093750 0.746094 0.082031 0.738281 0.074219 0.734375 0.074219 0.730469 0.070312 0.722656 0.070312 0.718750 0.066406 0.714844 0.066406 0.707031 0.058594
0 0.980469 0.000000 0.980469 0.007812 0.984375 0.011719 0.992188 0.011719 0.996094 0.015625 0.996094 0.000000
1 0.996094 0.769531 0.996094 0.773438 0.988281 0.781250 0.988281 0.785156 0.980469 0.792969 0.980469 0.796875 0.972656 0.804688 0.972656 0.808594 0.968750 0.812500 0.968750 0.816406 0.964844 0.820312 0.964844 0.828125 0.960938 0.832031 0.960938 0.839844 0.957031 0.843750 0.957031 0.863281 0.953125 0.867188 0.953125 0.875000 0.949219 0.878906 0.949219 0.882812 0.945312 0.886719 0.945312 0.890625 0.921875 0.914062 0.917969 0.914062 0.910156 0.921875 0.910156 0.925781 0.902344 0.933594 0.902344 0.937500 0.898438 0.941406 0.898438 0.949219 0.894531 0.953125 0.894531 0.972656 0.890625 0.976562 0.890625 0.996094 0.996094 0.996094
1 0.000000 0.000000 0.000000 0.996094 0.312500 0.996094 0.308594 0.992188 0.308594 0.984375 0.312500 0.980469 0.312500 0.976562 0.324219 0.964844 0.324219 0.960938 0.328125 0.957031 0.328125 0.949219 0.324219 0.945312 0.324219 0.941406 0.316406 0.933594 0.316406 0.929688 0.312500 0.925781 0.312500 0.921875 0.308594 0.917969 0.308594 0.914062 0.300781 0.906250 0.300781 0.898438 0.296875 0.894531 0.296875 0.882812 0.300781 0.878906 0.300781 0.863281 0.304688 0.859375 0.304688 0.855469 0.308594 0.851562 0.308594 0.847656 0.312500 0.843750 0.312500 0.839844 0.316406 0.835938 0.316406 0.832031 0.320312 0.828125 0.320312 0.824219 0.324219 0.820312 0.324219 0.816406 0.328125 0.812500 0.328125 0.808594 0.335938 0.800781 0.335938 0.792969 0.332031 0.792969 0.324219 0.785156 0.320312 0.785156 0.316406 0.781250 0.316406 0.777344 0.312500 0.773438 0.312500 0.769531 0.328125 0.753906 0.328125 0.750000 0.339844 0.738281 0.339844 0.734375 0.343750 0.730469 0.343750 0.722656 0.347656 0.718750 0.347656 0.707031 0.351562 0.703125 0.351562 0.699219 0.355469 0.695312 0.355469 0.691406 0.359375 0.687500 0.359375 0.679688 0.363281 0.675781 0.363281 0.667969 0.367188 0.664062 0.367188 0.656250 0.371094 0.652344 0.371094 0.640625 0.375000 0.636719 0.375000 0.628906 0.378906 0.625000 0.378906 0.621094 0.382812 0.617188 0.382812 0.601562 0.375000 0.593750 0.371094 0.593750 0.363281 0.585938 0.359375 0.585938 0.355469 0.582031 0.339844 0.582031 0.332031 0.574219 0.328125 0.574219 0.320312 0.566406 0.312500 0.566406 0.308594 0.562500 0.304688 0.562500 0.300781 0.558594 0.296875 0.558594 0.292969 0.554688 0.285156 0.554688 0.281250 0.550781 0.265625 0.550781 0.261719 0.546875 0.257812 0.546875 0.253906 0.542969 0.253906 0.539062 0.250000 0.535156 0.253906 0.531250 0.253906 0.527344 0.261719 0.519531 0.304688 0.519531 0.308594 0.515625 0.312500 0.515625 0.335938 0.492188 0.343750 0.492188 0.355469 0.503906 0.355469 0.511719 0.351562 0.515625 0.351562 0.523438 0.355469 0.527344 0.355469 0.550781 0.363281 0.558594 0.402344 0.558594 0.406250 0.554688 0.414062 0.554688 0.417969 0.550781 0.417969 0.546875 0.425781 0.539062 0.425781 0.535156 0.437500 0.523438 0.437500 0.519531 0.449219 0.507812 0.449219 0.464844 0.460938 0.453125 0.468750 0.453125 0.476562 0.460938 0.515625 0.460938 0.523438 0.453125 0.523438 0.445312 0.527344 0.441406 0.527344 0.417969 0.531250 0.414062 0.531250 0.410156 0.535156 0.406250 0.535156 0.402344 0.531250 0.398438 0.531250 0.394531 0.527344 0.390625 0.527344 0.386719 0.523438 0.382812 0.523438 0.378906 0.519531 0.375000 0.519531 0.371094 0.511719 0.363281 0.511719 0.355469 0.515625 0.351562 0.515625 0.347656 0.519531 0.343750 0.519531 0.339844 0.523438 0.335938 0.523438 0.332031 0.527344 0.328125 0.527344 0.320312 0.531250 0.316406 0.531250 0.281250 0.535156 0.277344 0.535156 0.273438 0.550781 0.257812 0.550781 0.253906 0.558594 0.246094 0.558594 0.242188 0.562500 0.238281 0.562500 0.234375 0.566406 0.230469 0.566406 0.226562 0.570312 0.222656 0.570312 0.179688 0.574219 0.175781 0.574219 0.160156 0.582031 0.152344 0.582031 0.148438 0.585938 0.144531 0.589844 0.144531 0.597656 0.152344 0.609375 0.152344 0.617188 0.144531 0.621094 0.144531 0.625000 0.140625 0.628906 0.140625 0.636719 0.132812 0.644531 0.132812 0.644531 0.128906 0.656250 0.117188 0.660156 0.117188 0.667969 0.109375 0.667969 0.105469 0.671875 0.101562 0.671875 0.085938 0.667969 0.082031 0.667969 0.078125 0.671875 0.074219 0.671875 0.070312 0.675781 0.066406 0.675781 0.062500 0.679688 0.058594 0.687500 0.058594 0.691406 0.054688 0.707031 0.054688 0.714844 0.062500 0.718750 0.062500 0.722656 0.066406 0.730469 0.066406 0.734375 0.070312 0.738281 0.070312 0.750000 0.082031 0.750000 0.093750 0.742188 0.101562 0.742188 0.105469 0.738281 0.109375 0.738281 0.117188 0.710938 0.144531 0.710938 0.156250 0.714844 0.160156 0.714844 0.164062 0.707031 0.171875 0.703125 0.167969 0.699219 0.167969 0.695312 0.164062 0.691406 0.164062 0.687500 0.167969 0.683594 0.167969 0.675781 0.175781 0.667969 0.175781 0.660156 0.183594 0.660156 0.187500 0.656250 0.191406 0.656250 0.195312 0.640625 0.210938 0.632812 0.210938 0.625000 0.218750 0.625000 0.222656 0.621094 0.226562 0.621094 0.230469 0.617188 0.234375 0.617188 0.238281 0.613281 0.242188 0.613281 0.257812 0.605469 0.265625 0.605469 0.269531 0.601562 0.273438 0.601562 0.277344 0.597656 0.281250 0.597656 0.296875 0.601562 0.300781 0.601562 0.304688 0.625000 0.328125 0.625000 0.332031 0.636719 0.343750 0.636719 0.347656 0.640625 0.351562 0.636719 0.355469 0.636719 0.359375 0.632812 0.363281 0.632812 0.367188 0.628906 0.371094 0.628906 0.375000 0.621094 0.382812 0.617188 0.382812 0.613281 0.386719 0.609375 0.386719 0.597656 0.398438 0.597656 0.402344 0.593750 0.406250 0.593750 0.414062 0.597656 0.417969 0.597656 0.421875 0.601562 0.425781 0.601562 0.449219 0.593750 0.457031 0.593750 0.460938 0.585938 0.468750 0.582031 0.468750 0.570312 0.480469 0.570312 0.492188 0.574219 0.496094 0.574219 0.500000 0.570312 0.503906 0.570312 0.519531 0.566406 0.523438 0.566406 0.531250 0.562500 0.535156 0.562500 0.539062 0.554688 0.546875 0.554688 0.550781 0.539062 0.566406 0.535156 0.566406 0.531250 0.570312 0.527344 0.570312 0.496094 0.601562 0.496094 0.605469 0.492188 0.609375 0.492188 0.625000 0.496094 0.628906 0.496094 0.632812 0.500000 0.636719 0.500000 0.648438 0.496094 0.652344 0.496094 0.656250 0.488281 0.664062 0.488281 0.667969 0.480469 0.675781 0.480469 0.679688 0.460938 0.699219 0.437500 0.699219 0.433594 0.695312 0.425781 0.695312 0.421875 0.691406 0.417969 0.695312 0.414062 0.695312 0.414062 0.734375 0.410156 0.738281 0.410156 0.742188 0.382812 0.769531 0.382812 0.773438 0.378906 0.777344 0.378906 0.781250 0.375000 0.785156 0.375000 0.789062 0.371094 0.792969 0.378906 0.800781 0.394531 0.800781 0.406250 0.812500 0.406250 0.824219 0.394531 0.835938 0.390625 0.835938 0.386719 0.839844 0.382812 0.839844 0.382812 0.843750 0.378906 0.847656 0.378906 0.851562 0.375000 0.855469 0.375000 0.863281 0.371094 0.867188 0.371094 0.894531 0.367188 0.898438 0.367188 0.910156 0.363281 0.914062 0.363281 0.929688 0.359375 0.933594 0.359375 0.945312 0.355469 0.949219 0.355469 0.968750 0.351562 0.972656 0.351562 0.996094 0.750000 0.996094 0.761719 0.984375 0.769531 0.984375 0.773438 0.980469 0.789062 0.980469 0.792969 0.976562 0.800781 0.976562 0.804688 0.972656 0.808594 0.972656 0.816406 0.964844 0.816406 0.960938 0.820312 0.957031 0.820312 0.933594 0.816406 0.929688 0.816406 0.917969 0.812500 0.914062 0.812500 0.902344 0.808594 0.898438 0.808594 0.886719 0.812500 0.882812 0.812500 0.871094 0.816406 0.867188 0.816406 0.851562 0.828125 0.839844 0.832031 0.839844 0.839844 0.832031 0.843750 0.832031 0.851562 0.824219 0.855469 0.824219 0.859375 0.820312 0.859375 0.816406 0.867188 0.808594 0.867188 0.804688 0.871094 0.800781 0.871094 0.796875 0.875000 0.792969 0.875000 0.781250 0.878906 0.777344 0.878906 0.769531 0.882812 0.765625 0.882812 0.757812 0.886719 0.753906 0.886719 0.750000 0.890625 0.746094 0.890625 0.742188 0.894531 0.738281 0.894531 0.734375 0.898438 0.730469 0.898438 0.726562 0.902344 0.722656 0.902344 0.718750 0.906250 0.714844 0.906250 0.710938 0.914062 0.703125 0.914062 0.699219 0.929688 0.683594 0.933594 0.683594 0.949219 0.667969 0.949219 0.660156 0.953125 0.656250 0.953125 0.652344 0.957031 0.648438 0.957031 0.640625 0.960938 0.636719 0.960938 0.628906 0.968750 0.621094 0.968750 0.617188 0.972656 0.613281 0.972656 0.609375 0.976562 0.605469 0.976562 0.554688 0.980469 0.550781 0.980469 0.546875 0.984375 0.542969 0.984375 0.539062 0.996094 0.527344 0.996094 0.019531 0.992188 0.015625 0.984375 0.015625 0.976562 0.007812 0.976562 0.000000
1 0.679688 0.945312 0.683594 0.945312 0.691406 0.953125 0.691406 0.957031 0.695312 0.960938 0.695312 0.968750 0.699219 0.972656 0.699219 0.980469 0.687500 0.992188 0.679688 0.992188 0.671875 0.984375 0.671875 0.980469 0.667969 0.976562 0.667969 0.957031
1 0.539062 0.925781 0.562500 0.925781 0.570312 0.933594 0.574219 0.933594 0.582031 0.941406 0.582031 0.957031 0.578125 0.960938 0.574219 0.960938 0.566406 0.968750 0.562500 0.968750 0.558594 0.972656 0.542969 0.972656 0.531250 0.960938 0.531250 0.933594
1 0.671875 0.414062 0.679688 0.414062 0.691406 0.425781 0.691406 0.437500 0.687500 0.441406 0.683594 0.441406 0.679688 0.445312 0.675781 0.445312 0.671875 0.441406 0.667969 0.441406 0.660156 0.433594 0.660156 0.425781
1 0.687500 0.355469 0.691406 0.351562 0.699219 0.359375 0.699219 0.367188 0.695312 0.371094 0.683594 0.371094 0.679688 0.367188 0.679688 0.359375 0.683594 0.355469
1 0.746094 0.300781 0.750000 0.296875 0.753906 0.296875 0.757812 0.300781 0.757812 0.312500 0.753906 0.316406 0.750000 0.316406 0.742188 0.308594 0.746094 0.304688
1 0.820312 0.230469 0.824219 0.226562 0.832031 0.226562 0.835938 0.230469 0.839844 0.230469 0.851562 0.242188 0.851562 0.250000 0.839844 0.261719 0.839844 0.265625 0.832031 0.273438 0.824219 0.273438 0.816406 0.265625 0.816406 0.238281 0.820312 0.234375
1 0.902344 0.167969 0.906250 0.167969 0.910156 0.171875 0.910156 0.179688 0.902344 0.187500 0.898438 0.187500 0.894531 0.183594 0.894531 0.175781
1 0.308594 0.144531 0.335938 0.144531 0.339844 0.148438 0.339844 0.156250 0.332031 0.164062 0.328125 0.164062 0.324219 0.167969 0.304688 0.167969 0.300781 0.164062 0.300781 0.152344
1 0.953125 0.113281 0.964844 0.113281 0.968750 0.117188 0.968750 0.121094 0.972656 0.125000 0.972656 0.132812 0.968750 0.136719 0.968750 0.140625 0.960938 0.148438 0.957031 0.148438 0.953125 0.152344 0.945312 0.152344 0.941406 0.148438 0.941406 0.125000
