1 0.000000 0.000000 0.000000 0.347656 0.003906 0.351562 0.007812 0.351562 0.046875 0.390625 0.046875 0.394531 0.058594 0.406250 0.058594 0.410156 0.066406 0.417969 0.066406 0.421875 0.070312 0.425781 0.070312 0.433594 0.074219 0.437500 0.074219 0.457031 0.070312 0.460938 0.070312 0.492188 0.066406 0.496094 0.066406 0.500000 0.050781 0.515625 0.000000 0.515625 0.000000 0.996094 0.996094 0.996094 0.996094 0.000000 0.402344 0.000000 0.414062 0.011719 0.414062 0.015625 0.417969 0.019531 0.417969 0.023438 0.406250 0.035156 0.402344 0.035156 0.394531 0.042969 0.390625 0.042969 0.386719 0.046875 0.367188 0.046875 0.363281 0.042969 0.277344 0.042969 0.273438 0.039062 0.246094 0.039062 0.242188 0.035156 0.226562 0.035156 0.222656 0.031250 0.214844 0.031250 0.210938 0.027344 0.207031 0.027344 0.203125 0.023438 0.199219 0.023438 0.195312 0.019531 0.191406 0.019531 0.187500 0.015625 0.179688 0.015625 0.175781 0.011719 0.167969 0.011719 0.164062 0.007812 0.156250 0.007812 0.152344 0.003906 0.148438 0.003906 0.144531 0.000000
1 0.195312 0.492188 0.199219 0.488281 0.207031 0.488281 0.210938 0.492188 0.222656 0.492188 0.226562 0.496094 0.230469 0.496094 0.234375 0.500000 0.238281 0.500000 0.246094 0.507812 0.246094 0.511719 0.250000 0.515625 0.250000 0.546875 0.253906 0.550781 0.250000 0.554688 0.250000 0.589844 0.246094 0.593750 0.246094 0.597656 0.242188 0.601562 0.234375 0.601562 0.222656 0.589844 0.222656 0.585938 0.218750 0.582031 0.218750 0.578125 0.214844 0.574219 0.214844 0.570312 0.210938 0.566406 0.210938 0.562500 0.207031 0.558594 0.207031 0.554688 0.203125 0.550781 0.203125 0.546875 0.199219 0.542969 0.199219 0.539062 0.195312 0.535156 0.195312 0.531250 0.191406 0.527344 0.191406 0.519531 0.187500 0.515625 0.187500 0.496094 0.191406 0.492188
1 0.750000 0.445312 0.765625 0.445312 0.781250 0.460938 0.781250 0.484375 0.777344 0.488281 0.777344 0.492188 0.773438 0.496094 0.761719 0.496094 0.757812 0.492188 0.753906 0.492188 0.742188 0.480469 0.742188 0.453125
1 0.312500 0.269531 0.328125 0.269531 0.332031 0.273438 0.335938 0.273438 0.343750 0.281250 0.343750 0.285156 0.347656 0.289062 0.347656 0.292969 0.351562 0.296875 0.351562 0.300781 0.347656 0.304688 0.347656 0.308594 0.343750 0.312500 0.339844 0.312500 0.335938 0.316406 0.328125 0.316406 0.324219 0.312500 0.320312 0.312500 0.308594 0.300781 0.308594 0.296875 0.304688 0.292969 0.304688 0.277344
1 0.484375 0.031250 0.488281 0.027344 0.515625 0.027344 0.527344 0.039062 0.527344 0.058594 0.523438 0.062500 0.480469 0.062500 0.476562 0.058594 0.464844 0.058594 0.453125 0.046875 0.457031 0.042969 0.457031 0.039062 0.460938 0.035156 0.476562 0.035156 0.480469 0.031250
2 0.199219 0.492188 0.195312 0.496094 0.191406 0.496094 0.191406 0.515625 0.195312 0.519531 0.195312 0.527344 0.199219 0.531250 0.199219 0.535156 0.203125 0.539062 0.203125 0.542969 0.207031 0.546875 0.207031 0.550781 0.210938 0.554688 0.210938 0.558594 0.214844 0.562500 0.214844 0.566406 0.218750 0.570312 0.218750 0.574219 0.222656 0.578125 0.222656 0.582031 0.226562 0.585938 0.226562 0.589844 0.234375 0.597656 0.242188 0.597656 0.242188 0.593750 0.246094 0.589844 0.246094 0.554688 0.250000 0.550781 0.246094 0.546875 0.246094 0.515625 0.242188 0.511719 0.242188 0.507812 0.238281 0.503906 0.234375 0.503906 0.230469 0.500000 0.226562 0.500000 0.222656 0.496094 0.210938 0.496094 0.207031 0.492188
2 0.750000 0.449219 0.746094 0.453125 0.746094 0.480469 0.753906 0.488281 0.757812 0.488281 0.761719 0.492188 0.773438 0.492188 0.773438 0.488281 0.777344 0.484375 0.777344 0.460938 0.765625 0.449219
2 0.000000 0.351562 0.000000 0.511719 0.050781 0.511719 0.062500 0.500000 0.062500 0.496094 0.066406 0.492188 0.066406 0.460938 0.070312 0.457031 0.070312 0.437500 0.066406 0.433594 0.066406 0.425781 0.062500 0.421875 0.062500 0.417969 0.054688 0.410156 0.054688 0.406250 0.042969 0.394531 0.042969 0.390625 0.007812 0.355469 0.003906 0.355469
2 0.312500 0.273438 0.308594 0.277344 0.308594 0.292969 0.312500 0.296875 0.312500 0.300781 0.320312 0.308594 0.324219 0.308594 0.328125 0.312500 0.335938 0.312500 0.339844 0.308594 0.343750 0.308594 0.343750 0.304688 0.347656 0.300781 0.347656 0.296875 0.343750 0.292969 0.343750 0.289062 0.339844 0.285156 0.339844 0.281250 0.335938 0.277344 0.332031 0.277344 0.328125 0.273438
2 0.488281 0.031250 0.484375 0.035156 0.480469 0.035156 0.476562 0.039062 0.460938 0.039062 0.460938 0.042969 0.457031 0.046875 0.464844 0.054688 0.476562 0.054688 0.480469 0.058594 0.523438 0.058594 0.523438 0.039062 0.515625 0.031250
2 0.148438 0.000000 0.152344 0.000000 0.156250 0.003906 0.164062 0.003906 0.167969 0.007812 0.175781 0.007812 0.179688 0.011719 0.187500 0.011719 0.191406 0.015625 0.195312 0.015625 0.199219 0.019531 0.203125 0.019531 0.207031 0.023438 0.210938 0.023438 0.214844 0.027344 0.222656 0.027344 0.226562 0.031250 0.242188 0.031250 0.246094 0.035156 0.273438 0.035156 0.277344 0.039062 0.363281 0.039062 0.367188 0.042969 0.386719 0.042969 0.390625 0.039062 0.394531 0.039062 0.402344 0.031250 0.406250 0.031250 0.414062 0.023438 0.414062 0.019531 0.410156 0.015625 0.410156 0.011719 0.398438 0.000000
