1 0.000000 0.000000 0.000000 0.675781 0.003906 0.675781 0.011719 0.683594 0.003906 0.691406 0.000000 0.691406 0.000000 0.996094 0.996094 0.996094 0.996094 0.562500 0.964844 0.562500 0.949219 0.546875 0.949219 0.542969 0.945312 0.539062 0.945312 0.507812 0.941406 0.503906 0.941406 0.484375 0.945312 0.480469 0.945312 0.472656 0.949219 0.468750 0.949219 0.464844 0.957031 0.457031 0.957031 0.453125 0.968750 0.441406 0.968750 0.437500 0.996094 0.410156 0.996094 0.000000 0.968750 0.000000 0.957031 0.011719 0.953125 0.011719 0.949219 0.015625 0.945312 0.015625 0.941406 0.019531 0.929688 0.019531 0.925781 0.023438 0.906250 0.023438 0.902344 0.027344 0.898438 0.027344 0.890625 0.035156 0.886719 0.035156 0.878906 0.042969 0.875000 0.042969 0.867188 0.050781 0.863281 0.050781 0.859375 0.054688 0.851562 0.054688 0.847656 0.058594 0.839844 0.058594 0.835938 0.062500 0.828125 0.062500 0.824219 0.066406 0.820312 0.066406 0.816406 0.070312 0.812500 0.070312 0.808594 0.074219 0.804688 0.074219 0.800781 0.078125 0.792969 0.078125 0.789062 0.082031 0.773438 0.082031 0.769531 0.085938 0.742188 0.085938 0.738281 0.089844 0.652344 0.089844 0.648438 0.093750 0.628906 0.093750 0.625000 0.089844 0.621094 0.089844 0.613281 0.082031 0.609375 0.082031 0.597656 0.070312 0.597656 0.066406 0.601562 0.062500 0.601562 0.058594 0.613281 0.046875 0.613281 0.042969 0.617188 0.039062 0.617188 0.035156 0.621094 0.031250 0.625000 0.031250 0.636719 0.019531 0.636719 0.007812 0.640625 0.003906 0.644531 0.003906 0.648438 0.000000 0.652344 0.000000 0.656250 0.003906 0.683594 0.003906 0.687500 0.007812 0.691406 0.007812 0.695312 0.011719 0.714844 0.011719 0.718750 0.007812 0.722656 0.007812 0.726562 0.003906 0.730469 0.003906 0.734375 0.000000 0.214844 0.000000 0.207031 0.007812 0.207031 0.011719 0.191406 0.027344 0.167969 0.027344 0.160156 0.019531 0.160156 0.011719 0.164062 0.007812 0.164062 0.000000
1 0.804688 0.539062 0.808594 0.535156 0.816406 0.535156 0.820312 0.539062 0.824219 0.539062 0.828125 0.542969 0.828125 0.562500 0.824219 0.566406 0.824219 0.574219 0.820312 0.578125 0.820312 0.582031 0.816406 0.585938 0.816406 0.589844 0.812500 0.593750 0.812500 0.597656 0.808594 0.601562 0.808594 0.605469 0.804688 0.609375 0.804688 0.613281 0.800781 0.617188 0.800781 0.621094 0.796875 0.625000 0.796875 0.628906 0.792969 0.632812 0.792969 0.636719 0.781250 0.648438 0.773438 0.648438 0.769531 0.644531 0.769531 0.640625 0.765625 0.636719 0.765625 0.601562 0.761719 0.597656 0.765625 0.593750 0.765625 0.562500 0.769531 0.558594 0.769531 0.554688 0.777344 0.546875 0.781250 0.546875 0.785156 0.542969 0.789062 0.542969 0.792969 0.539062
1 0.250000 0.492188 0.265625 0.492188 0.273438 0.500000 0.273438 0.527344 0.261719 0.539062 0.257812 0.539062 0.253906 0.542969 0.242188 0.542969 0.238281 0.539062 0.238281 0.535156 0.234375 0.531250 0.234375 0.507812
1 0.683594 0.320312 0.687500 0.316406 0.703125 0.316406 0.710938 0.324219 0.710938 0.339844 0.707031 0.343750 0.707031 0.347656 0.695312 0.359375 0.691406 0.359375 0.687500 0.363281 0.679688 0.363281 0.675781 0.359375 0.671875 0.359375 0.667969 0.355469 0.667969 0.351562 0.664062 0.347656 0.664062 0.343750 0.667969 0.339844 0.667969 0.335938 0.671875 0.332031 0.671875 0.328125 0.679688 0.320312
1 0.500000 0.074219 0.527344 0.074219 0.531250 0.078125 0.535156 0.078125 0.539062 0.082031 0.554688 0.082031 0.558594 0.085938 0.558594 0.089844 0.562500 0.093750 0.550781 0.105469 0.539062 0.105469 0.535156 0.109375 0.492188 0.109375 0.488281 0.105469 0.488281 0.085938
2 0.000000 0.679688 0.000000 0.687500 0.003906 0.687500 0.007812 0.683594 0.003906 0.679688
2 0.808594 0.539062 0.804688 0.542969 0.792969 0.542969 0.789062 0.546875 0.785156 0.546875 0.781250 0.550781 0.777344 0.550781 0.773438 0.554688 0.773438 0.558594 0.769531 0.562500 0.769531 0.593750 0.765625 0.597656 0.769531 0.601562 0.769531 0.636719 0.773438 0.640625 0.773438 0.644531 0.781250 0.644531 0.789062 0.636719 0.789062 0.632812 0.792969 0.628906 0.792969 0.625000 0.796875 0.621094 0.796875 0.617188 0.800781 0.613281 0.800781 0.609375 0.804688 0.605469 0.804688 0.601562 0.808594 0.597656 0.808594 0.593750 0.812500 0.589844 0.812500 0.585938 0.816406 0.582031 0.816406 0.578125 0.820312 0.574219 0.820312 0.566406 0.824219 0.562500 0.824219 0.542969 0.820312 0.542969 0.816406 0.539062
2 0.250000 0.496094 0.238281 0.507812 0.238281 0.531250 0.242188 0.535156 0.242188 0.539062 0.253906 0.539062 0.257812 0.535156 0.261719 0.535156 0.269531 0.527344 0.269531 0.500000 0.265625 0.496094
2 0.996094 0.414062 0.972656 0.437500 0.972656 0.441406 0.960938 0.453125 0.960938 0.457031 0.953125 0.464844 0.953125 0.468750 0.949219 0.472656 0.949219 0.480469 0.945312 0.484375 0.945312 0.503906 0.949219 0.507812 0.949219 0.539062 0.953125 0.542969 0.953125 0.546875 0.964844 0.558594 0.996094 0.558594
2 0.687500 0.320312 0.683594 0.324219 0.679688 0.324219 0.675781 0.328125 0.675781 0.332031 0.671875 0.335938 0.671875 0.339844 0.667969 0.343750 0.667969 0.347656 0.671875 0.351562 0.671875 0.355469 0.675781 0.355469 0.679688 0.359375 0.687500 0.359375 0.691406 0.355469 0.695312 0.355469 0.703125 0.347656 0.703125 0.343750 0.707031 0.339844 0.707031 0.324219 0.703125 0.320312
2 0.500000 0.078125 0.492188 0.085938 0.492188 0.105469 0.535156 0.105469 0.539062 0.101562 0.550781 0.101562 0.558594 0.093750 0.554688 0.089844 0.554688 0.085938 0.539062 0.085938 0.535156 0.082031 0.531250 0.082031 0.527344 0.078125
2 0.738281 0.000000 0.730469 0.007812 0.726562 0.007812 0.722656 0.011719 0.718750 0.011719 0.714844 0.015625 0.695312 0.015625 0.691406 0.011719 0.687500 0.011719 0.683594 0.007812 0.656250 0.007812 0.652344 0.003906 0.648438 0.003906 0.644531 0.007812 0.640625 0.007812 0.640625 0.019531 0.625000 0.035156 0.621094 0.035156 0.621094 0.039062 0.617188 0.042969 0.617188 0.046875 0.605469 0.058594 0.605469 0.062500 0.601562 0.066406 0.601562 0.070312 0.609375 0.078125 0.613281 0.078125 0.621094 0.085938 0.625000 0.085938 0.628906 0.089844 0.648438 0.089844 0.652344 0.085938 0.738281 0.085938 0.742188 0.082031 0.769531 0.082031 0.773438 0.078125 0.789062 0.078125 0.792969 0.074219 0.800781 0.074219 0.804688 0.070312 0.808594 0.070312 0.812500 0.066406 0.816406 0.066406 0.820312 0.062500 0.824219 0.062500 0.828125 0.058594 0.835938 0.058594 0.839844 0.054688 0.847656 0.054688 0.851562 0.050781 0.859375 0.050781 0.863281 0.046875 0.867188 0.046875 0.875000 0.039062 0.878906 0.039062 0.886719 0.031250 0.890625 0.031250 0.898438 0.023438 0.902344 0.023438 0.906250 0.019531 0.925781 0.019531 0.929688 0.015625 0.941406 0.015625 0.945312 0.011719 0.949219 0.011719 0.953125 0.007812 0.957031 0.007812 0.964844 0.000000
2 0.167969 0.000000 0.167969 0.007812 0.164062 0.011719 0.164062 0.019531 0.167969 0.023438 0.191406 0.023438 0.203125 0.011719 0.203125 0.007812 0.210938 0.000000
