0 0.300781 0.781250 0.300781 0.789062 0.304688 0.792969 0.308594 0.792969 0.312500 0.796875 0.332031 0.796875 0.332031 0.785156 0.328125 0.781250
0 0.000000 0.769531 0.000000 0.839844 0.003906 0.839844 0.015625 0.851562 0.015625 0.855469 0.019531 0.859375 0.019531 0.863281 0.023438 0.867188 0.023438 0.871094 0.027344 0.875000 0.027344 0.890625 0.035156 0.898438 0.035156 0.902344 0.039062 0.906250 0.039062 0.910156 0.042969 0.914062 0.042969 0.929688 0.039062 0.933594 0.039062 0.937500 0.015625 0.960938 0.015625 0.964844 0.003906 0.976562 0.003906 0.980469 0.000000 0.984375 0.003906 0.988281 0.003906 0.992188 0.007812 0.996094 0.121094 0.996094 0.121094 0.988281 0.117188 0.984375 0.117188 0.980469 0.113281 0.976562 0.113281 0.972656 0.109375 0.968750 0.109375 0.964844 0.105469 0.960938 0.105469 0.953125 0.101562 0.949219 0.101562 0.914062 0.097656 0.910156 0.097656 0.906250 0.082031 0.890625 0.082031 0.886719 0.074219 0.878906 0.074219 0.875000 0.070312 0.871094 0.070312 0.867188 0.066406 0.863281 0.066406 0.859375 0.062500 0.855469 0.062500 0.812500 0.058594 0.808594 0.058594 0.792969 0.050781 0.785156 0.050781 0.781250 0.046875 0.781250 0.039062 0.789062 0.027344 0.789062 0.019531 0.781250 0.015625 0.781250 0.011719 0.777344 0.007812 0.777344
0 0.515625 0.539062 0.511719 0.542969 0.515625 0.542969
0 0.437500 0.496094 0.437500 0.503906 0.449219 0.503906 0.449219 0.500000 0.445312 0.496094
1 0.000000 0.988281 0.000000 0.996094 0.003906 0.996094 0.000000 0.992188
1 0.000000 0.843750 0.000000 0.980469 0.000000 0.976562 0.011719 0.964844 0.011719 0.960938 0.035156 0.937500 0.035156 0.933594 0.039062 0.929688 0.039062 0.914062 0.035156 0.910156 0.035156 0.906250 0.031250 0.902344 0.031250 0.898438 0.023438 0.890625 0.023438 0.875000 0.019531 0.871094 0.019531 0.867188 0.015625 0.863281 0.015625 0.859375 0.011719 0.855469 0.011719 0.851562 0.003906 0.843750
1 0.964844 0.000000 0.968750 0.000000 0.972656 0.003906 0.976562 0.003906 0.980469 0.007812 0.996094 0.007812 0.996094 0.000000
1 0.000000 0.000000 0.000000 0.765625 0.007812 0.773438 0.011719 0.773438 0.015625 0.777344 0.019531 0.777344 0.027344 0.785156 0.039062 0.785156 0.046875 0.777344 0.050781 0.777344 0.054688 0.781250 0.054688 0.785156 0.062500 0.792969 0.062500 0.808594 0.066406 0.812500 0.066406 0.855469 0.070312 0.859375 0.070312 0.863281 0.074219 0.867188 0.074219 0.871094 0.078125 0.875000 0.078125 0.878906 0.085938 0.886719 0.085938 0.890625 0.101562 0.906250 0.101562 0.910156 0.105469 0.914062 0.105469 0.949219 0.109375 0.953125 0.109375 0.960938 0.113281 0.964844 0.113281 0.968750 0.117188 0.972656 0.117188 0.976562 0.121094 0.980469 0.121094 0.984375 0.125000 0.988281 0.125000 0.996094 0.996094 0.996094 0.996094 0.750000 0.992188 0.750000 0.988281 0.746094 0.980469 0.746094 0.976562 0.742188 0.964844 0.742188 0.960938 0.738281 0.949219 0.738281 0.945312 0.734375 0.929688 0.734375 0.925781 0.730469 0.910156 0.730469 0.906250 0.726562 0.902344 0.726562 0.898438 0.722656 0.894531 0.722656 0.890625 0.718750 0.886719 0.718750 0.871094 0.703125 0.871094 0.699219 0.867188 0.695312 0.867188 0.671875 0.863281 0.667969 0.863281 0.660156 0.855469 0.652344 0.855469 0.648438 0.851562 0.644531 0.851562 0.640625 0.847656 0.636719 0.847656 0.621094 0.867188 0.601562 0.867188 0.597656 0.871094 0.593750 0.871094 0.578125 0.875000 0.574219 0.875000 0.562500 0.890625 0.546875 0.898438 0.546875 0.902344 0.550781 0.906250 0.550781 0.910156 0.554688 0.914062 0.550781 0.921875 0.550781 0.925781 0.546875 0.925781 0.542969 0.929688 0.539062 0.929688 0.535156 0.933594 0.531250 0.933594 0.527344 0.941406 0.519531 0.941406 0.515625 0.945312 0.511719 0.945312 0.507812 0.949219 0.503906 0.949219 0.496094 0.953125 0.492188 0.953125 0.472656 0.949219 0.468750 0.949219 0.453125 0.964844 0.437500 0.968750 0.437500 0.972656 0.433594 0.976562 0.433594 0.980469 0.429688 0.984375 0.429688 0.988281 0.425781 0.992188 0.425781 0.996094 0.421875 0.996094 0.117188 0.992188 0.117188 0.992188 0.132812 0.988281 0.136719 0.988281 0.140625 0.984375 0.144531 0.984375 0.152344 0.972656 0.164062 0.941406 0.164062 0.937500 0.160156 0.933594 0.160156 0.917969 0.144531 0.898438 0.144531 0.894531 0.140625 0.890625 0.140625 0.882812 0.132812 0.875000 0.132812 0.871094 0.128906 0.867188 0.128906 0.863281 0.125000 0.859375 0.125000 0.851562 0.117188 0.851562 0.113281 0.847656 0.109375 0.847656 0.082031 0.843750 0.078125 0.843750 0.074219 0.839844 0.070312 0.835938 0.070312 0.828125 0.062500 0.824219 0.062500 0.820312 0.058594 0.812500 0.058594 0.808594 0.054688 0.804688 0.054688 0.792969 0.042969 0.792969 0.039062 0.789062 0.035156 0.789062 0.031250 0.785156 0.027344 0.785156 0.023438 0.773438 0.011719 0.773438 0.007812 0.765625 0.000000 0.710938 0.000000 0.710938 0.011719 0.707031 0.015625 0.707031 0.023438 0.703125 0.027344 0.703125 0.031250 0.695312 0.039062 0.695312 0.042969 0.679688 0.058594 0.675781 0.058594 0.671875 0.062500 0.648438 0.062500 0.644531 0.058594 0.640625 0.058594 0.625000 0.042969 0.625000 0.039062 0.613281 0.027344 0.609375 0.027344 0.601562 0.019531 0.601562 0.015625 0.589844 0.003906 0.589844 0.000000
1 0.296875 0.781250 0.300781 0.777344 0.328125 0.777344 0.335938 0.785156 0.335938 0.796875 0.332031 0.800781 0.312500 0.800781 0.308594 0.796875 0.304688 0.796875 0.296875 0.789062
1 0.515625 0.535156 0.519531 0.539062 0.519531 0.542969 0.515625 0.546875 0.511719 0.546875 0.507812 0.542969
1 0.433594 0.496094 0.437500 0.492188 0.445312 0.492188 0.453125 0.500000 0.453125 0.503906 0.449219 0.507812 0.437500 0.507812 0.433594 0.503906
2 0.996094 0.425781 0.992188 0.429688 0.988281 0.429688 0.984375 0.433594 0.980469 0.433594 0.976562 0.437500 0.972656 0.437500 0.968750 0.441406 0.964844 0.441406 0.953125 0.453125 0.953125 0.468750 0.957031 0.472656 0.957031 0.492188 0.953125 0.496094 0.953125 0.503906 0.949219 0.507812 0.949219 0.511719 0.945312 0.515625 0.945312 0.519531 0.937500 0.527344 0.937500 0.531250 0.933594 0.535156 0.933594 0.539062 0.929688 0.542969 0.929688 0.546875 0.921875 0.554688 0.914062 0.554688 0.910156 0.558594 0.906250 0.554688 0.902344 0.554688 0.898438 0.550781 0.890625 0.550781 0.878906 0.562500 0.878906 0.574219 0.875000 0.578125 0.875000 0.593750 0.871094 0.597656 0.871094 0.601562 0.851562 0.621094 0.851562 0.636719 0.855469 0.640625 0.855469 0.644531 0.859375 0.648438 0.859375 0.652344 0.867188 0.660156 0.867188 0.667969 0.871094 0.671875 0.871094 0.695312 0.875000 0.699219 0.875000 0.703125 0.886719 0.714844 0.890625 0.714844 0.894531 0.718750 0.898438 0.718750 0.902344 0.722656 0.906250 0.722656 0.910156 0.726562 0.925781 0.726562 0.929688 0.730469 0.945312 0.730469 0.949219 0.734375 0.960938 0.734375 0.964844 0.738281 0.976562 0.738281 0.980469 0.742188 0.988281 0.742188 0.992188 0.746094 0.996094 0.746094
2 0.769531 0.000000 0.777344 0.007812 0.777344 0.011719 0.789062 0.023438 0.789062 0.027344 0.792969 0.031250 0.792969 0.035156 0.796875 0.039062 0.796875 0.042969 0.804688 0.050781 0.808594 0.050781 0.812500 0.054688 0.820312 0.054688 0.824219 0.058594 0.828125 0.058594 0.835938 0.066406 0.839844 0.066406 0.847656 0.074219 0.847656 0.078125 0.851562 0.082031 0.851562 0.109375 0.855469 0.113281 0.855469 0.117188 0.859375 0.121094 0.863281 0.121094 0.867188 0.125000 0.871094 0.125000 0.875000 0.128906 0.882812 0.128906 0.890625 0.136719 0.894531 0.136719 0.898438 0.140625 0.917969 0.140625 0.933594 0.156250 0.937500 0.156250 0.941406 0.160156 0.972656 0.160156 0.980469 0.152344 0.980469 0.144531 0.984375 0.140625 0.984375 0.136719 0.988281 0.132812 0.988281 0.117188 0.992188 0.113281 0.996094 0.113281 0.996094 0.011719 0.980469 0.011719 0.976562 0.007812 0.972656 0.007812 0.968750 0.003906 0.964844 0.003906 0.960938 0.000000
2 0.917969 0.125000 0.921875 0.121094 0.925781 0.125000 0.921875 0.128906
2 0.593750 0.000000 0.593750 0.003906 0.605469 0.015625 0.605469 0.019531 0.609375 0.023438 0.613281 0.023438 0.628906 0.039062 0.628906 0.042969 0.640625 0.054688 0.644531 0.054688 0.648438 0.058594 0.671875 0.058594 0.675781 0.054688 0.679688 0.054688 0.691406 0.042969 0.691406 0.039062 0.699219 0.031250 0.699219 0.027344 0.703125 0.023438 0.703125 0.015625 0.707031 0.011719 0.707031 0.000000
0 0.300781 0.781250 0.300781 0.789062 0.304688 0.792969 0.308594 0.792969 0.312500 0.796875 0.332031 0.796875 0.332031 0.785156 0.328125 0.781250
0 0.000000 0.769531 0.000000 0.839844 0.003906 0.839844 0.015625 0.851562 0.015625 0.855469 0.019531 0.859375 0.019531 0.863281 0.023438 0.867188 0.023438 0.871094 0.027344 0.875000 0.027344 0.890625 0.035156 0.898438 0.035156 0.902344 0.039062 0.906250 0.039062 0.910156 0.042969 0.914062 0.042969 0.929688 0.039062 0.933594 0.039062 0.937500 0.015625 0.960938 0.015625 0.964844 0.003906 0.976562 0.003906 0.980469 0.000000 0.984375 0.003906 0.988281 0.003906 0.992188 0.007812 0.996094 0.121094 0.996094 0.121094 0.988281 0.117188 0.984375 0.117188 0.980469 0.113281 0.976562 0.113281 0.972656 0.109375 0.968750 0.109375 0.964844 0.105469 0.960938 0.105469 0.953125 0.101562 0.949219 0.101562 0.914062 0.097656 0.910156 0.097656 0.906250 0.082031 0.890625 0.082031 0.886719 0.074219 0.878906 0.074219 0.875000 0.070312 0.871094 0.070312 0.867188 0.066406 0.863281 0.066406 0.859375 0.062500 0.855469 0.062500 0.812500 0.058594 0.808594 0.058594 0.792969 0.050781 0.785156 0.050781 0.781250 0.046875 0.781250 0.039062 0.789062 0.027344 0.789062 0.019531 0.781250 0.015625 0.781250 0.011719 0.777344 0.007812 0.777344
0 0.515625 0.539062 0.511719 0.542969 0.515625 0.542969
0 0.437500 0.496094 0.437500 0.503906 0.449219 0.503906 0.449219 0.500000 0.445312 0.496094
1 0.000000 0.988281 0.000000 0.996094 0.003906 0.996094 0.000000 0.992188
1 0.000000 0.843750 0.000000 0.980469 0.000000 0.976562 0.011719 0.964844 0.011719 0.960938 0.035156 0.937500 0.035156 0.933594 0.039062 0.929688 0.039062 0.914062 0.035156 0.910156 0.035156 0.906250 0.031250 0.902344 0.031250 0.898438 0.023438 0.890625 0.023438 0.875000 0.019531 0.871094 0.019531 0.867188 0.015625 0.863281 0.015625 0.859375 0.011719 0.855469 0.011719 0.851562 0.003906 0.843750
1 0.964844 0.000000 0.968750 0.000000 0.972656 0.003906 0.976562 0.003906 0.980469 0.007812 0.996094 0.007812 0.996094 0.000000
1 0.000000 0.000000 0.000000 0.765625 0.007812 0.773438 0.011719 0.773438 0.015625 0.777344 0.019531 0.777344 0.027344 0.785156 0.039062 0.785156 0.046875 0.777344 0.050781 0.777344 0.054688 0.781250 0.054688 0.785156 0.062500 0.792969 0.062500 0.808594 0.066406 0.812500 0.066406 0.855469 0.070312 0.859375 0.070312 0.863281 0.074219 0.867188 0.074219 0.871094 0.078125 0.875000 0.078125 0.878906 0.085938 0.886719 0.085938 0.890625 0.101562 0.906250 0.101562 0.910156 0.105469 0.914062 0.105469 0.949219 0.109375 0.953125 0.109375 0.960938 0.113281 0.964844 0.113281 0.968750 0.117188 0.972656 0.117188 0.976562 0.121094 0.980469 0.121094 0.984375 0.125000 0.988281 0.125000 0.996094 0.996094 0.996094 0.996094 0.750000 0.992188 0.750000 0.988281 0.746094 0.980469 0.746094 0.976562 0.742188 0.964844 0.742188 0.960938 0.738281 0.949219 0.738281 0.945312 0.734375 0.929688 0.734375 0.925781 0.730469 0.910156 0.730469 0.906250 0.726562 0.902344 0.726562 0.898438 0.722656 0.894531 0.722656 0.890625 0.718750 0.886719 0.718750 0.871094 0.703125 0.871094 0.699219 0.867188 0.695312 0.867188 0.671875 0.863281 0.667969 0.863281 0.660156 0.855469 0.652344 0.855469 0.648438 0.851562 0.644531 0.851562 0.640625 0.847656 0.636719 0.847656 0.621094 0.867188 0.601562 0.867188 0.597656 0.871094 0.593750 0.871094 0.578125 0.875000 0.574219 0.875000 0.562500 0.890625 0.546875 0.898438 0.546875 0.902344 0.550781 0.906250 0.550781 0.910156 0.554688 0.914062 0.550781 0.921875 0.550781 0.925781 0.546875 0.925781 0.542969 0.929688 0.539062 0.929688 0.535156 0.933594 0.531250 0.933594 0.527344 0.941406 0.519531 0.941406 0.515625 0.945312 0.511719 0.945312 0.507812 0.949219 0.503906 0.949219 0.496094 0.953125 0.492188 0.953125 0.472656 0.949219 0.468750 0.949219 0.453125 0.964844 0.437500 0.968750 0.437500 0.972656 0.433594 0.976562 0.433594 0.980469 0.429688 0.984375 0.429688 0.988281 0.425781 0.992188 0.425781 0.996094 0.421875 0.996094 0.117188 0.992188 0.117188 0.992188 0.132812 0.988281 0.136719 0.988281 0.140625 0.984375 0.144531 0.984375 0.152344 0.972656 0.164062 0.941406 0.164062 0.937500 0.160156 0.933594 0.160156 0.917969 0.144531 0.898438 0.144531 0.894531 0.140625 0.890625 0.140625 0.882812 0.132812 0.875000 0.132812 0.871094 0.128906 0.867188 0.128906 0.863281 0.125000 0.859375 0.125000 0.851562 0.117188 0.851562 0.113281 0.847656 0.109375 0.847656 0.082031 0.843750 0.078125 0.843750 0.074219 0.839844 0.070312 0.835938 0.070312 0.828125 0.062500 0.824219 0.062500 0.820312 0.058594 0.812500 0.058594 0.808594 0.054688 0.804688 0.054688 0.792969 0.042969 0.792969 0.039062 0.789062 0.035156 0.789062 0.031250 0.785156 0.027344 0.785156 0.023438 0.773438 0.011719 0.773438 0.007812 0.765625 0.000000 0.710938 0.000000 0.710938 0.011719 0.707031 0.015625 0.707031 0.023438 0.703125 0.027344 0.703125 0.031250 0.695312 0.039062 0.695312 0.042969 0.679688 0.058594 0.675781 0.058594 0.671875 0.062500 0.648438 0.062500 0.644531 0.058594 0.640625 0.058594 0.625000 0.042969 0.625000 0.039062 0.613281 0.027344 0.609375 0.027344 0.601562 0.019531 0.601562 0.015625 0.589844 0.003906 0.589844 0.000000
1 0.296875 0.781250 0.300781 0.777344 0.328125 0.777344 0.335938 0.785156 0.335938 0.796875 0.332031 0.800781 0.312500 0.800781 0.308594 0.796875 0.304688 0.796875 0.296875 0.789062
1 0.515625 0.535156 0.519531 0.539062 0.519531 0.542969 0.515625 0.546875 0.511719 0.546875 0.507812 0.542969
1 0.433594 0.496094 0.437500 0.492188 0.445312 0.492188 0.453125 0.500000 0.453125 0.503906 0.449219 0.507812 0.437500 0.507812 0.433594 0.503906
2 0.996094 0.425781 0.992188 0.429688 0.988281 0.429688 0.984375 0.433594 0.980469 0.433594 0.976562 0.437500 0.972656 0.437500 0.968750 0.441406 0.964844 0.441406 0.953125 0.453125 0.953125 0.468750 0.957031 0.472656 0.957031 0.492188 0.953125 0.496094 0.953125 0.503906 0.949219 0.507812 0.949219 0.511719 0.945312 0.515625 0.945312 0.519531 0.937500 0.527344 0.937500 0.531250 0.933594 0.535156 0.933594 0.539062 0.929688 0.542969 0.929688 0.546875 0.921875 0.554688 0.914062 0.554688 0.910156 0.558594 0.906250 0.554688 0.902344 0.554688 0.898438 0.550781 0.890625 0.550781 0.878906 0.562500 0.878906 0.574219 0.875000 0.578125 0.875000 0.593750 0.871094 0.597656 0.871094 0.601562 0.851562 0.621094 0.851562 0.636719 0.855469 0.640625 0.855469 0.644531 0.859375 0.648438 0.859375 0.652344 0.867188 0.660156 0.867188 0.667969 0.871094 0.671875 0.871094 0.695312 0.875000 0.699219 0.875000 0.703125 0.886719 0.714844 0.890625 0.714844 0.894531 0.718750 0.898438 0.718750 0.902344 0.722656 0.906250 0.722656 0.910156 0.726562 0.925781 0.726562 0.929688 0.730469 0.945312 0.730469 0.949219 0.734375 0.960938 0.734375 0.964844 0.738281 0.976562 0.738281 0.980469 0.742188 0.988281 0.742188 0.992188 0.746094 0.996094 0.746094
2 0.769531 0.000000 0.777344 0.007812 0.777344 0.011719 0.789062 0.023438 0.789062 0.027344 0.792969 0.031250 0.792969 0.035156 0.796875 0.039062 0.796875 0.042969 0.804688 0.050781 0.808594 0.050781 0.812500 0.054688 0.820312 0.054688 0.824219 0.058594 0.828125 0.058594 0.835938 0.066406 0.839844 0.066406 0.847656 0.074219 0.847656 0.078125 0.851562 0.082031 0.851562 0.109375 0.855469 0.113281 0.855469 0.117188 0.859375 0.121094 0.863281 0.121094 0.867188 0.125000 0.871094 0.125000 0.875000 0.128906 0.882812 0.128906 0.890625 0.136719 0.894531 0.136719 0.898438 0.140625 0.917969 0.140625 0.933594 0.156250 0.937500 0.156250 0.941406 0.160156 0.972656 0.160156 0.980469 0.152344 0.980469 0.144531 0.984375 0.140625 0.984375 0.136719 0.988281 0.132812 0.988281 0.117188 0.992188 0.113281 0.996094 0.113281 0.996094 0.011719 0.980469 0.011719 0.976562 0.007812 0.972656 0.007812 0.968750 0.003906 0.964844 0.003906 0.960938 0.000000
2 0.917969 0.125000 0.921875 0.121094 0.925781 0.125000 0.921875 0.128906
2 0.593750 0.000000 0.593750 0.003906 0.605469 0.015625 0.605469 0.019531 0.609375 0.023438 0.613281 0.023438 0.628906 0.039062 0.628906 0.042969 0.640625 0.054688 0.644531 0.054688 0.648438 0.058594 0.671875 0.058594 0.675781 0.054688 0.679688 0.054688 0.691406 0.042969 0.691406 0.039062 0.699219 0.031250 0.699219 0.027344 0.703125 0.023438 0.703125 0.015625 0.707031 0.011719 0.707031 0.000000
