0 0.343750 0.839844 0.335938 0.847656 0.335938 0.855469 0.339844 0.859375 0.343750 0.859375 0.347656 0.863281 0.351562 0.863281 0.355469 0.859375 0.359375 0.859375 0.359375 0.847656 0.351562 0.839844
0 0.363281 0.777344 0.359375 0.781250 0.355469 0.781250 0.355469 0.789062 0.367188 0.789062 0.367188 0.781250
0 0.421875 0.722656 0.421875 0.726562 0.417969 0.730469 0.421875 0.734375 0.425781 0.734375 0.425781 0.722656
0 0.496094 0.652344 0.496094 0.656250 0.492188 0.660156 0.492188 0.687500 0.496094 0.691406 0.503906 0.691406 0.507812 0.687500 0.507812 0.683594 0.519531 0.671875 0.519531 0.664062 0.511719 0.656250 0.507812 0.656250 0.503906 0.652344
0 0.574219 0.593750 0.570312 0.597656 0.570312 0.605469 0.574219 0.605469 0.578125 0.601562 0.578125 0.593750
0 0.000000 0.570312 0.000000 0.582031 0.003906 0.582031 0.007812 0.578125 0.007812 0.570312
0 0.625000 0.539062 0.617188 0.546875 0.617188 0.570312 0.625000 0.570312 0.628906 0.566406 0.632812 0.566406 0.636719 0.562500 0.636719 0.558594 0.640625 0.554688 0.640625 0.546875 0.636719 0.542969 0.636719 0.539062
0 0.363281 0.480469 0.359375 0.484375 0.351562 0.484375 0.351562 0.488281 0.347656 0.492188 0.347656 0.496094 0.343750 0.500000 0.343750 0.503906 0.347656 0.507812 0.347656 0.523438 0.343750 0.527344 0.343750 0.531250 0.332031 0.542969 0.328125 0.542969 0.320312 0.550781 0.320312 0.554688 0.316406 0.558594 0.308594 0.558594 0.300781 0.566406 0.296875 0.566406 0.292969 0.570312 0.289062 0.570312 0.281250 0.578125 0.269531 0.578125 0.261719 0.570312 0.257812 0.570312 0.257812 0.574219 0.250000 0.582031 0.250000 0.597656 0.246094 0.601562 0.246094 0.644531 0.242188 0.648438 0.242188 0.652344 0.238281 0.656250 0.238281 0.660156 0.234375 0.664062 0.234375 0.667969 0.226562 0.675781 0.226562 0.679688 0.210938 0.695312 0.210938 0.699219 0.207031 0.703125 0.207031 0.738281 0.203125 0.742188 0.203125 0.750000 0.199219 0.753906 0.199219 0.757812 0.195312 0.761719 0.195312 0.765625 0.191406 0.769531 0.191406 0.773438 0.187500 0.777344 0.187500 0.785156 0.195312 0.792969 0.195312 0.796875 0.199219 0.800781 0.199219 0.804688 0.203125 0.808594 0.203125 0.812500 0.207031 0.816406 0.207031 0.820312 0.210938 0.824219 0.210938 0.828125 0.207031 0.832031 0.207031 0.835938 0.203125 0.839844 0.203125 0.863281 0.199219 0.867188 0.199219 0.875000 0.187500 0.886719 0.148438 0.886719 0.140625 0.878906 0.132812 0.878906 0.125000 0.886719 0.125000 0.929688 0.113281 0.941406 0.113281 0.945312 0.101562 0.957031 0.101562 0.960938 0.093750 0.968750 0.093750 0.972656 0.085938 0.980469 0.078125 0.980469 0.074219 0.984375 0.035156 0.984375 0.023438 0.972656 0.023438 0.949219 0.019531 0.945312 0.019531 0.937500 0.023438 0.933594 0.023438 0.925781 0.015625 0.917969 0.007812 0.917969 0.000000 0.925781 0.000000 0.992188 0.003906 0.992188 0.007812 0.996094 0.191406 0.996094 0.199219 0.988281 0.203125 0.988281 0.207031 0.984375 0.210938 0.984375 0.222656 0.972656 0.222656 0.968750 0.230469 0.960938 0.230469 0.957031 0.234375 0.953125 0.234375 0.945312 0.238281 0.941406 0.238281 0.925781 0.242188 0.921875 0.242188 0.917969 0.238281 0.914062 0.238281 0.902344 0.253906 0.886719 0.257812 0.886719 0.261719 0.882812 0.261719 0.878906 0.269531 0.871094 0.269531 0.847656 0.265625 0.843750 0.265625 0.839844 0.261719 0.835938 0.261719 0.828125 0.265625 0.824219 0.265625 0.820312 0.281250 0.804688 0.285156 0.804688 0.289062 0.800781 0.292969 0.800781 0.296875 0.796875 0.296875 0.792969 0.300781 0.789062 0.300781 0.785156 0.304688 0.781250 0.304688 0.777344 0.308594 0.773438 0.304688 0.769531 0.304688 0.765625 0.292969 0.753906 0.292969 0.750000 0.269531 0.726562 0.269531 0.722656 0.265625 0.718750 0.265625 0.703125 0.269531 0.699219 0.269531 0.695312 0.273438 0.691406 0.273438 0.687500 0.281250 0.679688 0.281250 0.664062 0.285156 0.660156 0.285156 0.656250 0.289062 0.652344 0.289062 0.648438 0.292969 0.644531 0.292969 0.640625 0.304688 0.628906 0.312500 0.628906 0.324219 0.617188 0.324219 0.613281 0.328125 0.609375 0.328125 0.605469 0.339844 0.593750 0.347656 0.593750 0.355469 0.585938 0.359375 0.585938 0.363281 0.582031 0.367188 0.582031 0.371094 0.585938 0.375000 0.585938 0.378906 0.589844 0.382812 0.585938 0.382812 0.582031 0.378906 0.578125 0.378906 0.566406 0.406250 0.539062 0.406250 0.531250 0.410156 0.527344 0.410156 0.523438 0.417969 0.515625 0.417969 0.503906 0.410156 0.496094 0.406250 0.496094 0.402344 0.492188 0.394531 0.492188 0.390625 0.488281 0.386719 0.488281 0.378906 0.480469
0 0.433594 0.261719 0.425781 0.269531 0.425781 0.281250 0.433594 0.281250 0.441406 0.273438 0.445312 0.273438 0.449219 0.269531 0.449219 0.265625 0.445312 0.261719
0 0.679688 0.214844 0.671875 0.222656 0.667969 0.222656 0.664062 0.226562 0.664062 0.242188 0.667969 0.246094 0.675781 0.246094 0.679688 0.250000 0.691406 0.250000 0.695312 0.246094 0.699219 0.246094 0.699219 0.238281 0.695312 0.234375 0.695312 0.218750 0.691406 0.214844
0 0.835938 0.000000 0.835938 0.003906 0.839844 0.007812 0.839844 0.035156 0.843750 0.039062 0.843750 0.046875 0.847656 0.050781 0.847656 0.058594 0.851562 0.062500 0.851562 0.074219 0.855469 0.078125 0.855469 0.089844 0.859375 0.093750 0.859375 0.117188 0.855469 0.121094 0.855469 0.148438 0.859375 0.152344 0.859375 0.195312 0.855469 0.199219 0.855469 0.203125 0.851562 0.207031 0.851562 0.210938 0.835938 0.226562 0.832031 0.226562 0.828125 0.230469 0.820312 0.230469 0.816406 0.234375 0.816406 0.238281 0.808594 0.246094 0.808594 0.250000 0.796875 0.261719 0.792969 0.261719 0.789062 0.265625 0.781250 0.265625 0.769531 0.277344 0.757812 0.277344 0.750000 0.285156 0.750000 0.289062 0.746094 0.292969 0.746094 0.300781 0.750000 0.304688 0.750000 0.320312 0.746094 0.324219 0.746094 0.332031 0.730469 0.347656 0.726562 0.347656 0.722656 0.343750 0.710938 0.343750 0.707031 0.347656 0.703125 0.347656 0.687500 0.363281 0.687500 0.378906 0.675781 0.390625 0.675781 0.410156 0.667969 0.417969 0.660156 0.417969 0.656250 0.414062 0.652344 0.417969 0.652344 0.429688 0.656250 0.433594 0.664062 0.433594 0.667969 0.437500 0.683594 0.437500 0.683594 0.433594 0.687500 0.429688 0.687500 0.402344 0.699219 0.390625 0.703125 0.390625 0.710938 0.398438 0.714844 0.398438 0.718750 0.402344 0.718750 0.410156 0.722656 0.414062 0.722656 0.417969 0.718750 0.421875 0.718750 0.429688 0.722656 0.433594 0.722656 0.453125 0.726562 0.457031 0.726562 0.476562 0.718750 0.484375 0.710938 0.476562 0.710938 0.468750 0.703125 0.460938 0.675781 0.460938 0.675781 0.468750 0.671875 0.472656 0.671875 0.488281 0.675781 0.492188 0.714844 0.492188 0.718750 0.496094 0.718750 0.511719 0.722656 0.515625 0.722656 0.574219 0.726562 0.578125 0.726562 0.585938 0.722656 0.589844 0.722656 0.648438 0.730469 0.656250 0.730469 0.664062 0.734375 0.667969 0.730469 0.671875 0.730469 0.683594 0.734375 0.687500 0.734375 0.699219 0.738281 0.703125 0.738281 0.722656 0.742188 0.726562 0.742188 0.796875 0.738281 0.800781 0.738281 0.804688 0.734375 0.808594 0.734375 0.812500 0.730469 0.816406 0.730469 0.820312 0.734375 0.824219 0.734375 0.828125 0.738281 0.832031 0.738281 0.839844 0.742188 0.843750 0.742188 0.851562 0.746094 0.855469 0.746094 0.867188 0.750000 0.871094 0.750000 0.890625 0.722656 0.917969 0.718750 0.917969 0.703125 0.933594 0.699219 0.933594 0.691406 0.941406 0.683594 0.941406 0.679688 0.945312 0.675781 0.945312 0.660156 0.960938 0.660156 0.964844 0.656250 0.968750 0.656250 0.972656 0.652344 0.976562 0.652344 0.996094 0.835938 0.996094 0.839844 0.992188 0.839844 0.984375 0.851562 0.972656 0.855469 0.972656 0.859375 0.968750 0.863281 0.968750 0.867188 0.972656 0.875000 0.972656 0.890625 0.988281 0.890625 0.996094 0.929688 0.996094 0.937500 0.988281 0.937500 0.984375 0.957031 0.964844 0.968750 0.964844 0.972656 0.960938 0.976562 0.960938 0.988281 0.949219 0.988281 0.937500 0.992188 0.933594 0.992188 0.929688 0.996094 0.925781 0.996094 0.777344 0.984375 0.777344 0.980469 0.773438 0.976562 0.773438 0.968750 0.765625 0.964844 0.765625 0.957031 0.757812 0.953125 0.757812 0.949219 0.753906 0.945312 0.753906 0.937500 0.746094 0.937500 0.738281 0.933594 0.734375 0.933594 0.726562 0.929688 0.722656 0.929688 0.718750 0.925781 0.714844 0.925781 0.707031 0.929688 0.703125 0.929688 0.679688 0.925781 0.675781 0.929688 0.671875 0.929688 0.656250 0.925781 0.652344 0.925781 0.593750 0.921875 0.589844 0.921875 0.574219 0.917969 0.570312 0.917969 0.507812 0.921875 0.503906 0.921875 0.496094 0.925781 0.492188 0.925781 0.488281 0.929688 0.484375 0.929688 0.480469 0.933594 0.476562 0.933594 0.468750 0.937500 0.464844 0.937500 0.460938 0.941406 0.457031 0.941406 0.453125 0.945312 0.449219 0.945312 0.441406 0.953125 0.433594 0.953125 0.429688 0.960938 0.421875 0.960938 0.417969 0.976562 0.402344 0.976562 0.398438 0.980469 0.394531 0.980469 0.390625 0.984375 0.386719 0.984375 0.382812 0.988281 0.378906 0.988281 0.371094 0.992188 0.367188 0.992188 0.351562 0.996094 0.347656 0.996094 0.074219 0.992188 0.074219 0.988281 0.078125 0.984375 0.078125 0.980469 0.082031 0.976562 0.082031 0.972656 0.085938 0.964844 0.085938 0.960938 0.082031 0.960938 0.078125 0.957031 0.074219 0.957031 0.050781 0.953125 0.046875 0.953125 0.042969 0.949219 0.039062 0.949219 0.031250 0.945312 0.027344 0.945312 0.023438 0.941406 0.019531 0.941406 0.000000
1 0.859375 0.972656 0.855469 0.976562 0.851562 0.976562 0.843750 0.984375 0.843750 0.992188 0.839844 0.996094 0.886719 0.996094 0.886719 0.988281 0.875000 0.976562 0.867188 0.976562 0.863281 0.972656
1 0.996094 0.929688 0.996094 0.933594 0.992188 0.937500 0.992188 0.949219 0.976562 0.964844 0.972656 0.964844 0.968750 0.968750 0.957031 0.968750 0.941406 0.984375 0.941406 0.988281 0.933594 0.996094 0.996094 0.996094
1 0.945312 0.000000 0.945312 0.019531 0.949219 0.023438 0.949219 0.027344 0.953125 0.031250 0.953125 0.039062 0.957031 0.042969 0.957031 0.046875 0.960938 0.050781 0.960938 0.074219 0.964844 0.078125 0.964844 0.082031 0.972656 0.082031 0.976562 0.078125 0.980469 0.078125 0.984375 0.074219 0.988281 0.074219 0.992188 0.070312 0.996094 0.070312 0.996094 0.000000
1 0.000000 0.000000 0.000000 0.566406 0.007812 0.566406 0.011719 0.570312 0.011719 0.578125 0.003906 0.585938 0.000000 0.585938 0.000000 0.921875 0.007812 0.914062 0.015625 0.914062 0.027344 0.925781 0.027344 0.933594 0.023438 0.937500 0.023438 0.945312 0.027344 0.949219 0.027344 0.972656 0.035156 0.980469 0.074219 0.980469 0.078125 0.976562 0.085938 0.976562 0.089844 0.972656 0.089844 0.968750 0.097656 0.960938 0.097656 0.957031 0.109375 0.945312 0.109375 0.941406 0.121094 0.929688 0.121094 0.886719 0.132812 0.875000 0.140625 0.875000 0.148438 0.882812 0.187500 0.882812 0.195312 0.875000 0.195312 0.867188 0.199219 0.863281 0.199219 0.839844 0.203125 0.835938 0.203125 0.832031 0.207031 0.828125 0.207031 0.824219 0.203125 0.820312 0.203125 0.816406 0.199219 0.812500 0.199219 0.808594 0.195312 0.804688 0.195312 0.800781 0.191406 0.796875 0.191406 0.792969 0.183594 0.785156 0.183594 0.777344 0.187500 0.773438 0.187500 0.769531 0.191406 0.765625 0.191406 0.761719 0.195312 0.757812 0.195312 0.753906 0.199219 0.750000 0.199219 0.742188 0.203125 0.738281 0.203125 0.703125 0.207031 0.699219 0.207031 0.695312 0.222656 0.679688 0.222656 0.675781 0.230469 0.667969 0.230469 0.664062 0.234375 0.660156 0.234375 0.656250 0.238281 0.652344 0.238281 0.648438 0.242188 0.644531 0.242188 0.601562 0.246094 0.597656 0.246094 0.582031 0.253906 0.574219 0.253906 0.570312 0.257812 0.566406 0.261719 0.566406 0.269531 0.574219 0.281250 0.574219 0.289062 0.566406 0.292969 0.566406 0.296875 0.562500 0.300781 0.562500 0.308594 0.554688 0.316406 0.554688 0.316406 0.550781 0.328125 0.539062 0.332031 0.539062 0.339844 0.531250 0.339844 0.527344 0.343750 0.523438 0.343750 0.507812 0.339844 0.503906 0.339844 0.500000 0.343750 0.496094 0.343750 0.492188 0.347656 0.488281 0.347656 0.484375 0.351562 0.480469 0.359375 0.480469 0.363281 0.476562 0.378906 0.476562 0.386719 0.484375 0.390625 0.484375 0.394531 0.488281 0.402344 0.488281 0.406250 0.492188 0.410156 0.492188 0.421875 0.503906 0.421875 0.515625 0.414062 0.523438 0.414062 0.527344 0.410156 0.531250 0.410156 0.539062 0.382812 0.566406 0.382812 0.578125 0.386719 0.582031 0.386719 0.585938 0.378906 0.593750 0.375000 0.589844 0.371094 0.589844 0.367188 0.585938 0.363281 0.585938 0.359375 0.589844 0.355469 0.589844 0.347656 0.597656 0.339844 0.597656 0.332031 0.605469 0.332031 0.609375 0.328125 0.613281 0.328125 0.617188 0.312500 0.632812 0.304688 0.632812 0.296875 0.640625 0.296875 0.644531 0.292969 0.648438 0.292969 0.652344 0.289062 0.656250 0.289062 0.660156 0.285156 0.664062 0.285156 0.679688 0.277344 0.687500 0.277344 0.691406 0.273438 0.695312 0.273438 0.699219 0.269531 0.703125 0.269531 0.718750 0.273438 0.722656 0.273438 0.726562 0.296875 0.750000 0.296875 0.753906 0.308594 0.765625 0.308594 0.769531 0.312500 0.773438 0.308594 0.777344 0.308594 0.781250 0.304688 0.785156 0.304688 0.789062 0.300781 0.792969 0.300781 0.796875 0.292969 0.804688 0.289062 0.804688 0.285156 0.808594 0.281250 0.808594 0.269531 0.820312 0.269531 0.824219 0.265625 0.828125 0.265625 0.835938 0.269531 0.839844 0.269531 0.843750 0.273438 0.847656 0.273438 0.871094 0.265625 0.878906 0.265625 0.882812 0.257812 0.890625 0.253906 0.890625 0.242188 0.902344 0.242188 0.914062 0.246094 0.917969 0.246094 0.921875 0.242188 0.925781 0.242188 0.941406 0.238281 0.945312 0.238281 0.953125 0.234375 0.957031 0.234375 0.960938 0.226562 0.968750 0.226562 0.972656 0.210938 0.988281 0.207031 0.988281 0.203125 0.992188 0.199219 0.992188 0.195312 0.996094 0.648438 0.996094 0.648438 0.976562 0.652344 0.972656 0.652344 0.968750 0.656250 0.964844 0.656250 0.960938 0.675781 0.941406 0.679688 0.941406 0.683594 0.937500 0.691406 0.937500 0.699219 0.929688 0.703125 0.929688 0.718750 0.914062 0.722656 0.914062 0.746094 0.890625 0.746094 0.871094 0.742188 0.867188 0.742188 0.855469 0.738281 0.851562 0.738281 0.843750 0.734375 0.839844 0.734375 0.832031 0.730469 0.828125 0.730469 0.824219 0.726562 0.820312 0.726562 0.816406 0.730469 0.812500 0.730469 0.808594 0.734375 0.804688 0.734375 0.800781 0.738281 0.796875 0.738281 0.726562 0.734375 0.722656 0.734375 0.703125 0.730469 0.699219 0.730469 0.687500 0.726562 0.683594 0.726562 0.671875 0.730469 0.667969 0.726562 0.664062 0.726562 0.656250 0.718750 0.648438 0.718750 0.589844 0.722656 0.585938 0.722656 0.578125 0.718750 0.574219 0.718750 0.515625 0.714844 0.511719 0.714844 0.496094 0.675781 0.496094 0.667969 0.488281 0.667969 0.472656 0.671875 0.468750 0.671875 0.460938 0.675781 0.457031 0.703125 0.457031 0.714844 0.468750 0.714844 0.476562 0.718750 0.480469 0.722656 0.476562 0.722656 0.457031 0.718750 0.453125 0.718750 0.433594 0.714844 0.429688 0.714844 0.421875 0.718750 0.417969 0.718750 0.414062 0.714844 0.410156 0.714844 0.402344 0.710938 0.402344 0.703125 0.394531 0.699219 0.394531 0.691406 0.402344 0.691406 0.429688 0.687500 0.433594 0.687500 0.437500 0.683594 0.441406 0.667969 0.441406 0.664062 0.437500 0.656250 0.437500 0.648438 0.429688 0.648438 0.417969 0.656250 0.410156 0.660156 0.414062 0.667969 0.414062 0.671875 0.410156 0.671875 0.390625 0.683594 0.378906 0.683594 0.363281 0.703125 0.343750 0.707031 0.343750 0.710938 0.339844 0.722656 0.339844 0.726562 0.343750 0.730469 0.343750 0.742188 0.332031 0.742188 0.324219 0.746094 0.320312 0.746094 0.304688 0.742188 0.300781 0.742188 0.292969 0.746094 0.289062 0.746094 0.285156 0.757812 0.273438 0.769531 0.273438 0.781250 0.261719 0.789062 0.261719 0.792969 0.257812 0.796875 0.257812 0.804688 0.250000 0.804688 0.246094 0.812500 0.238281 0.812500 0.234375 0.820312 0.226562 0.828125 0.226562 0.832031 0.222656 0.835938 0.222656 0.847656 0.210938 0.847656 0.207031 0.851562 0.203125 0.851562 0.199219 0.855469 0.195312 0.855469 0.152344 0.851562 0.148438 0.851562 0.121094 0.855469 0.117188 0.855469 0.093750 0.851562 0.089844 0.851562 0.078125 0.847656 0.074219 0.847656 0.062500 0.843750 0.058594 0.843750 0.050781 0.839844 0.046875 0.839844 0.039062 0.835938 0.035156 0.835938 0.007812 0.832031 0.003906 0.832031 0.000000
1 0.343750 0.835938 0.351562 0.835938 0.363281 0.847656 0.363281 0.859375 0.359375 0.863281 0.355469 0.863281 0.351562 0.867188 0.347656 0.867188 0.343750 0.863281 0.339844 0.863281 0.332031 0.855469 0.332031 0.847656
1 0.359375 0.777344 0.363281 0.773438 0.371094 0.781250 0.371094 0.789062 0.367188 0.792969 0.355469 0.792969 0.351562 0.789062 0.351562 0.781250 0.355469 0.777344
1 0.417969 0.722656 0.421875 0.718750 0.425781 0.718750 0.429688 0.722656 0.429688 0.734375 0.425781 0.738281 0.421875 0.738281 0.414062 0.730469 0.417969 0.726562
1 0.492188 0.652344 0.496094 0.648438 0.503906 0.648438 0.507812 0.652344 0.511719 0.652344 0.523438 0.664062 0.523438 0.671875 0.511719 0.683594 0.511719 0.687500 0.503906 0.695312 0.496094 0.695312 0.488281 0.687500 0.488281 0.660156 0.492188 0.656250
1 0.574219 0.589844 0.578125 0.589844 0.582031 0.593750 0.582031 0.601562 0.574219 0.609375 0.570312 0.609375 0.566406 0.605469 0.566406 0.597656
1 0.625000 0.535156 0.636719 0.535156 0.640625 0.539062 0.640625 0.542969 0.644531 0.546875 0.644531 0.554688 0.640625 0.558594 0.640625 0.562500 0.632812 0.570312 0.628906 0.570312 0.625000 0.574219 0.617188 0.574219 0.613281 0.570312 0.613281 0.546875
1 0.433594 0.257812 0.445312 0.257812 0.453125 0.265625 0.453125 0.269531 0.445312 0.277344 0.441406 0.277344 0.433594 0.285156 0.425781 0.285156 0.421875 0.281250 0.421875 0.269531
1 0.679688 0.210938 0.691406 0.210938 0.699219 0.218750 0.699219 0.234375 0.703125 0.238281 0.703125 0.246094 0.699219 0.250000 0.695312 0.250000 0.691406 0.253906 0.679688 0.253906 0.675781 0.250000 0.667969 0.250000 0.660156 0.242188 0.660156 0.226562 0.667969 0.218750 0.671875 0.218750
2 0.996094 0.351562 0.996094 0.367188 0.992188 0.371094 0.992188 0.378906 0.988281 0.382812 0.988281 0.386719 0.984375 0.390625 0.984375 0.394531 0.980469 0.398438 0.980469 0.402344 0.964844 0.417969 0.964844 0.421875 0.957031 0.429688 0.957031 0.433594 0.949219 0.441406 0.949219 0.449219 0.945312 0.453125 0.945312 0.457031 0.941406 0.460938 0.941406 0.464844 0.937500 0.468750 0.937500 0.476562 0.933594 0.480469 0.933594 0.484375 0.929688 0.488281 0.929688 0.492188 0.925781 0.496094 0.925781 0.503906 0.921875 0.507812 0.921875 0.570312 0.925781 0.574219 0.925781 0.589844 0.929688 0.593750 0.929688 0.652344 0.933594 0.656250 0.933594 0.671875 0.929688 0.675781 0.933594 0.679688 0.933594 0.703125 0.929688 0.707031 0.929688 0.714844 0.933594 0.718750 0.933594 0.722656 0.937500 0.726562 0.937500 0.734375 0.941406 0.738281 0.941406 0.746094 0.945312 0.750000 0.949219 0.750000 0.953125 0.753906 0.957031 0.753906 0.964844 0.761719 0.968750 0.761719 0.976562 0.769531 0.980469 0.769531 0.984375 0.773438 0.996094 0.773438
