0 0.000000 0.949219 0.000000 0.996094 0.023438 0.996094 0.023438 0.992188 0.019531 0.988281 0.019531 0.984375 0.015625 0.980469 0.015625 0.976562 0.011719 0.972656 0.011719 0.968750 0.007812 0.964844 0.007812 0.960938 0.003906 0.957031 0.003906 0.953125
0 0.000000 0.890625 0.000000 0.933594 0.003906 0.933594 0.011719 0.925781 0.015625 0.925781 0.015625 0.921875 0.019531 0.917969 0.019531 0.914062 0.003906 0.898438 0.003906 0.894531
0 0.000000 0.640625 0.000000 0.718750 0.003906 0.714844 0.007812 0.714844 0.015625 0.707031 0.023438 0.707031 0.027344 0.703125 0.031250 0.703125 0.035156 0.699219 0.039062 0.699219 0.042969 0.695312 0.050781 0.695312 0.054688 0.691406 0.070312 0.691406 0.074219 0.687500 0.078125 0.687500 0.078125 0.683594 0.082031 0.679688 0.078125 0.675781 0.078125 0.671875 0.074219 0.667969 0.031250 0.667969 0.027344 0.664062 0.023438 0.664062
0 0.000000 0.292969 0.000000 0.300781 0.003906 0.304688 0.007812 0.304688 0.011719 0.308594 0.031250 0.308594 0.031250 0.296875 0.027344 0.292969
0 0.214844 0.050781 0.210938 0.054688 0.214844 0.054688
0 0.136719 0.007812 0.136719 0.015625 0.148438 0.015625 0.148438 0.011719 0.144531 0.007812
1 0.000000 0.000000 0.000000 0.289062 0.027344 0.289062 0.035156 0.296875 0.035156 0.308594 0.031250 0.312500 0.011719 0.312500 0.007812 0.308594 0.003906 0.308594 0.000000 0.304688 0.000000 0.636719 0.023438 0.660156 0.027344 0.660156 0.031250 0.664062 0.074219 0.664062 0.082031 0.671875 0.082031 0.675781 0.085938 0.679688 0.082031 0.683594 0.082031 0.687500 0.078125 0.691406 0.074219 0.691406 0.070312 0.695312 0.054688 0.695312 0.050781 0.699219 0.042969 0.699219 0.039062 0.703125 0.035156 0.703125 0.031250 0.707031 0.027344 0.707031 0.023438 0.710938 0.015625 0.710938 0.007812 0.718750 0.003906 0.718750 0.000000 0.722656 0.000000 0.886719 0.007812 0.894531 0.007812 0.898438 0.023438 0.914062 0.023438 0.917969 0.019531 0.921875 0.019531 0.925781 0.015625 0.929688 0.011719 0.929688 0.003906 0.937500 0.000000 0.937500 0.000000 0.945312 0.007812 0.953125 0.007812 0.957031 0.011719 0.960938 0.011719 0.964844 0.015625 0.968750 0.015625 0.972656 0.019531 0.976562 0.019531 0.980469 0.023438 0.984375 0.023438 0.988281 0.027344 0.992188 0.027344 0.996094 0.996094 0.996094 0.996094 0.000000 0.835938 0.000000 0.839844 0.000000 0.847656 0.007812 0.851562 0.007812 0.863281 0.019531 0.863281 0.023438 0.882812 0.042969 0.882812 0.046875 0.886719 0.046875 0.890625 0.050781 0.898438 0.050781 0.906250 0.058594 0.910156 0.058594 0.914062 0.062500 0.921875 0.062500 0.933594 0.074219 0.933594 0.082031 0.937500 0.085938 0.937500 0.097656 0.921875 0.113281 0.917969 0.113281 0.902344 0.128906 0.902344 0.132812 0.898438 0.136719 0.898438 0.144531 0.890625 0.152344 0.890625 0.156250 0.886719 0.160156 0.886719 0.175781 0.882812 0.179688 0.886719 0.183594 0.886719 0.187500 0.890625 0.191406 0.941406 0.191406 0.945312 0.195312 0.945312 0.210938 0.921875 0.234375 0.917969 0.234375 0.914062 0.238281 0.906250 0.238281 0.902344 0.242188 0.894531 0.242188 0.890625 0.246094 0.886719 0.246094 0.878906 0.253906 0.875000 0.253906 0.847656 0.281250 0.847656 0.285156 0.843750 0.289062 0.843750 0.292969 0.839844 0.296875 0.839844 0.300781 0.835938 0.304688 0.835938 0.308594 0.816406 0.328125 0.789062 0.328125 0.785156 0.324219 0.781250 0.324219 0.773438 0.316406 0.769531 0.316406 0.761719 0.308594 0.761719 0.304688 0.750000 0.292969 0.746094 0.292969 0.738281 0.285156 0.734375 0.285156 0.726562 0.277344 0.722656 0.277344 0.718750 0.273438 0.714844 0.273438 0.710938 0.269531 0.707031 0.269531 0.703125 0.265625 0.699219 0.265625 0.695312 0.261719 0.691406 0.261719 0.687500 0.257812 0.679688 0.257812 0.675781 0.253906 0.664062 0.253906 0.660156 0.250000 0.648438 0.250000 0.644531 0.246094 0.628906 0.246094 0.625000 0.242188 0.609375 0.242188 0.605469 0.238281 0.601562 0.238281 0.597656 0.234375 0.593750 0.234375 0.589844 0.230469 0.585938 0.230469 0.570312 0.214844 0.570312 0.210938 0.566406 0.207031 0.566406 0.183594 0.562500 0.179688 0.562500 0.171875 0.554688 0.164062 0.554688 0.160156 0.550781 0.156250 0.550781 0.152344 0.546875 0.148438 0.546875 0.132812 0.566406 0.113281 0.566406 0.109375 0.570312 0.105469 0.570312 0.089844 0.574219 0.085938 0.574219 0.074219 0.589844 0.058594 0.597656 0.058594 0.601562 0.062500 0.605469 0.062500 0.609375 0.066406 0.613281 0.062500 0.621094 0.062500 0.625000 0.058594 0.625000 0.054688 0.628906 0.050781 0.628906 0.046875 0.632812 0.042969 0.632812 0.039062 0.640625 0.031250 0.640625 0.027344 0.644531 0.023438 0.644531 0.019531 0.648438 0.015625 0.648438 0.007812 0.652344 0.003906 0.652344 0.000000
1 0.429688 0.671875 0.433594 0.667969 0.437500 0.671875 0.445312 0.671875 0.449219 0.675781 0.457031 0.675781 0.460938 0.679688 0.484375 0.679688 0.496094 0.691406 0.496094 0.699219 0.480469 0.714844 0.476562 0.714844 0.472656 0.718750 0.460938 0.718750 0.457031 0.722656 0.449219 0.722656 0.441406 0.714844 0.437500 0.714844 0.433594 0.710938 0.429688 0.710938 0.414062 0.695312 0.414062 0.687500 0.417969 0.683594 0.417969 0.679688 0.425781 0.671875
1 0.214844 0.046875 0.218750 0.050781 0.218750 0.054688 0.214844 0.058594 0.210938 0.058594 0.207031 0.054688
1 0.132812 0.007812 0.136719 0.003906 0.144531 0.003906 0.152344 0.011719 0.152344 0.015625 0.148438 0.019531 0.136719 0.019531 0.132812 0.015625
2 0.433594 0.671875 0.429688 0.675781 0.425781 0.675781 0.421875 0.679688 0.421875 0.683594 0.417969 0.687500 0.417969 0.695312 0.429688 0.707031 0.433594 0.707031 0.437500 0.710938 0.441406 0.710938 0.449219 0.718750 0.457031 0.718750 0.460938 0.714844 0.472656 0.714844 0.476562 0.710938 0.480469 0.710938 0.492188 0.699219 0.492188 0.691406 0.484375 0.683594 0.460938 0.683594 0.457031 0.679688 0.449219 0.679688 0.445312 0.675781 0.437500 0.675781
2 0.656250 0.000000 0.656250 0.003906 0.652344 0.007812 0.652344 0.015625 0.648438 0.019531 0.648438 0.023438 0.644531 0.027344 0.644531 0.031250 0.636719 0.039062 0.636719 0.042969 0.632812 0.046875 0.632812 0.050781 0.628906 0.054688 0.628906 0.058594 0.621094 0.066406 0.613281 0.066406 0.609375 0.070312 0.605469 0.066406 0.601562 0.066406 0.597656 0.062500 0.589844 0.062500 0.578125 0.074219 0.578125 0.085938 0.574219 0.089844 0.574219 0.105469 0.570312 0.109375 0.570312 0.113281 0.550781 0.132812 0.550781 0.148438 0.554688 0.152344 0.554688 0.156250 0.558594 0.160156 0.558594 0.164062 0.566406 0.171875 0.566406 0.179688 0.570312 0.183594 0.570312 0.207031 0.574219 0.210938 0.574219 0.214844 0.585938 0.226562 0.589844 0.226562 0.593750 0.230469 0.597656 0.230469 0.601562 0.234375 0.605469 0.234375 0.609375 0.238281 0.625000 0.238281 0.628906 0.242188 0.644531 0.242188 0.648438 0.246094 0.660156 0.246094 0.664062 0.250000 0.675781 0.250000 0.679688 0.253906 0.687500 0.253906 0.691406 0.257812 0.695312 0.257812 0.699219 0.261719 0.703125 0.261719 0.707031 0.265625 0.710938 0.265625 0.714844 0.269531 0.718750 0.269531 0.722656 0.273438 0.726562 0.273438 0.734375 0.281250 0.738281 0.281250 0.746094 0.289062 0.750000 0.289062 0.765625 0.304688 0.765625 0.308594 0.769531 0.312500 0.773438 0.312500 0.781250 0.320312 0.785156 0.320312 0.789062 0.324219 0.816406 0.324219 0.832031 0.308594 0.832031 0.304688 0.835938 0.300781 0.835938 0.296875 0.839844 0.292969 0.839844 0.289062 0.843750 0.285156 0.843750 0.281250 0.875000 0.250000 0.878906 0.250000 0.886719 0.242188 0.890625 0.242188 0.894531 0.238281 0.902344 0.238281 0.906250 0.234375 0.914062 0.234375 0.917969 0.230469 0.921875 0.230469 0.941406 0.210938 0.941406 0.195312 0.890625 0.195312 0.882812 0.187500 0.882812 0.183594 0.878906 0.179688 0.882812 0.175781 0.882812 0.160156 0.886719 0.156250 0.886719 0.152344 0.894531 0.144531 0.894531 0.136719 0.898438 0.132812 0.898438 0.128906 0.917969 0.109375 0.921875 0.109375 0.933594 0.097656 0.933594 0.085938 0.929688 0.082031 0.929688 0.074219 0.921875 0.066406 0.914062 0.066406 0.910156 0.062500 0.906250 0.062500 0.898438 0.054688 0.890625 0.054688 0.886719 0.050781 0.882812 0.050781 0.878906 0.046875 0.878906 0.042969 0.859375 0.023438 0.859375 0.019531 0.851562 0.011719 0.847656 0.011719 0.839844 0.003906 0.835938 0.003906 0.832031 0.000000
