0 0.218750 0.988281 0.210938 0.996094 0.234375 0.996094 0.226562 0.988281
0 0.554688 0.910156 0.546875 0.917969 0.546875 0.925781 0.550781 0.929688 0.554688 0.929688 0.558594 0.933594 0.562500 0.933594 0.566406 0.929688 0.570312 0.929688 0.570312 0.917969 0.562500 0.910156
0 0.574219 0.847656 0.570312 0.851562 0.566406 0.851562 0.566406 0.859375 0.578125 0.859375 0.578125 0.851562
0 0.632812 0.792969 0.632812 0.796875 0.628906 0.800781 0.632812 0.804688 0.636719 0.804688 0.636719 0.792969
0 0.707031 0.722656 0.707031 0.726562 0.703125 0.730469 0.703125 0.757812 0.707031 0.761719 0.714844 0.761719 0.718750 0.757812 0.718750 0.753906 0.730469 0.742188 0.730469 0.734375 0.722656 0.726562 0.718750 0.726562 0.714844 0.722656
0 0.785156 0.664062 0.781250 0.667969 0.781250 0.675781 0.785156 0.675781 0.789062 0.671875 0.789062 0.664062
0 0.191406 0.640625 0.187500 0.644531 0.187500 0.656250 0.207031 0.656250 0.210938 0.652344 0.214844 0.652344 0.218750 0.648438 0.218750 0.640625
0 0.835938 0.609375 0.828125 0.617188 0.828125 0.640625 0.835938 0.640625 0.839844 0.636719 0.843750 0.636719 0.847656 0.632812 0.847656 0.628906 0.851562 0.625000 0.851562 0.617188 0.847656 0.613281 0.847656 0.609375
0 0.574219 0.550781 0.570312 0.554688 0.562500 0.554688 0.562500 0.558594 0.558594 0.562500 0.558594 0.566406 0.554688 0.570312 0.554688 0.574219 0.558594 0.578125 0.558594 0.593750 0.554688 0.597656 0.554688 0.601562 0.542969 0.613281 0.539062 0.613281 0.531250 0.621094 0.531250 0.625000 0.527344 0.628906 0.519531 0.628906 0.511719 0.636719 0.507812 0.636719 0.503906 0.640625 0.500000 0.640625 0.492188 0.648438 0.480469 0.648438 0.472656 0.640625 0.468750 0.640625 0.468750 0.644531 0.460938 0.652344 0.460938 0.667969 0.457031 0.671875 0.457031 0.714844 0.453125 0.718750 0.453125 0.722656 0.449219 0.726562 0.449219 0.730469 0.445312 0.734375 0.445312 0.738281 0.437500 0.746094 0.437500 0.750000 0.421875 0.765625 0.421875 0.769531 0.417969 0.773438 0.417969 0.808594 0.414062 0.812500 0.414062 0.820312 0.410156 0.824219 0.410156 0.828125 0.406250 0.832031 0.406250 0.835938 0.402344 0.839844 0.402344 0.843750 0.398438 0.847656 0.398438 0.855469 0.406250 0.863281 0.406250 0.867188 0.410156 0.871094 0.410156 0.875000 0.414062 0.878906 0.414062 0.882812 0.417969 0.886719 0.417969 0.890625 0.421875 0.894531 0.421875 0.898438 0.417969 0.902344 0.417969 0.906250 0.414062 0.910156 0.414062 0.933594 0.410156 0.937500 0.410156 0.945312 0.398438 0.957031 0.359375 0.957031 0.351562 0.949219 0.343750 0.949219 0.335938 0.957031 0.335938 0.996094 0.449219 0.996094 0.453125 0.992188 0.453125 0.988281 0.449219 0.984375 0.449219 0.972656 0.464844 0.957031 0.468750 0.957031 0.472656 0.953125 0.472656 0.949219 0.480469 0.941406 0.480469 0.917969 0.476562 0.914062 0.476562 0.910156 0.472656 0.906250 0.472656 0.898438 0.476562 0.894531 0.476562 0.890625 0.492188 0.875000 0.496094 0.875000 0.500000 0.871094 0.503906 0.871094 0.507812 0.867188 0.507812 0.863281 0.511719 0.859375 0.511719 0.855469 0.515625 0.851562 0.515625 0.847656 0.519531 0.843750 0.515625 0.839844 0.515625 0.835938 0.503906 0.824219 0.503906 0.820312 0.480469 0.796875 0.480469 0.792969 0.476562 0.789062 0.476562 0.773438 0.480469 0.769531 0.480469 0.765625 0.484375 0.761719 0.484375 0.757812 0.492188 0.750000 0.492188 0.734375 0.496094 0.730469 0.496094 0.726562 0.500000 0.722656 0.500000 0.718750 0.503906 0.714844 0.503906 0.710938 0.515625 0.699219 0.523438 0.699219 0.535156 0.687500 0.535156 0.683594 0.539062 0.679688 0.539062 0.675781 0.550781 0.664062 0.558594 0.664062 0.566406 0.656250 0.570312 0.656250 0.574219 0.652344 0.578125 0.652344 0.582031 0.656250 0.585938 0.656250 0.589844 0.660156 0.593750 0.656250 0.593750 0.652344 0.589844 0.648438 0.589844 0.636719 0.617188 0.609375 0.617188 0.601562 0.621094 0.597656 0.621094 0.593750 0.628906 0.585938 0.628906 0.574219 0.621094 0.566406 0.617188 0.566406 0.613281 0.562500 0.605469 0.562500 0.601562 0.558594 0.597656 0.558594 0.589844 0.550781
0 0.003906 0.398438 0.003906 0.402344 0.007812 0.402344
0 0.074219 0.355469 0.070312 0.359375 0.070312 0.363281 0.082031 0.363281 0.082031 0.355469
0 0.992188 0.335938 0.980469 0.347656 0.968750 0.347656 0.960938 0.355469 0.960938 0.359375 0.957031 0.363281 0.957031 0.371094 0.960938 0.375000 0.960938 0.390625 0.957031 0.394531 0.957031 0.402344 0.941406 0.417969 0.937500 0.417969 0.933594 0.414062 0.921875 0.414062 0.917969 0.417969 0.914062 0.417969 0.898438 0.433594 0.898438 0.449219 0.886719 0.460938 0.886719 0.480469 0.878906 0.488281 0.871094 0.488281 0.867188 0.484375 0.863281 0.488281 0.863281 0.500000 0.867188 0.503906 0.875000 0.503906 0.878906 0.507812 0.894531 0.507812 0.894531 0.503906 0.898438 0.500000 0.898438 0.472656 0.910156 0.460938 0.914062 0.460938 0.921875 0.468750 0.925781 0.468750 0.929688 0.472656 0.929688 0.480469 0.933594 0.484375 0.933594 0.488281 0.929688 0.492188 0.929688 0.500000 0.933594 0.503906 0.933594 0.523438 0.937500 0.527344 0.937500 0.546875 0.929688 0.554688 0.921875 0.546875 0.921875 0.539062 0.914062 0.531250 0.886719 0.531250 0.886719 0.539062 0.882812 0.542969 0.882812 0.558594 0.886719 0.562500 0.925781 0.562500 0.929688 0.566406 0.929688 0.582031 0.933594 0.585938 0.933594 0.644531 0.937500 0.648438 0.937500 0.656250 0.933594 0.660156 0.933594 0.718750 0.941406 0.726562 0.941406 0.734375 0.945312 0.738281 0.941406 0.742188 0.941406 0.753906 0.945312 0.757812 0.945312 0.769531 0.949219 0.773438 0.949219 0.792969 0.953125 0.796875 0.953125 0.867188 0.949219 0.871094 0.949219 0.875000 0.945312 0.878906 0.945312 0.882812 0.941406 0.886719 0.941406 0.890625 0.945312 0.894531 0.945312 0.898438 0.949219 0.902344 0.949219 0.910156 0.953125 0.914062 0.953125 0.921875 0.957031 0.925781 0.957031 0.937500 0.960938 0.941406 0.960938 0.960938 0.933594 0.988281 0.929688 0.988281 0.921875 0.996094 0.996094 0.996094 0.996094 0.335938
0 0.644531 0.332031 0.636719 0.339844 0.636719 0.351562 0.644531 0.351562 0.652344 0.343750 0.656250 0.343750 0.660156 0.339844 0.660156 0.335938 0.656250 0.332031
0 0.890625 0.285156 0.882812 0.292969 0.878906 0.292969 0.875000 0.296875 0.875000 0.312500 0.878906 0.316406 0.886719 0.316406 0.890625 0.320312 0.902344 0.320312 0.906250 0.316406 0.910156 0.316406 0.910156 0.308594 0.906250 0.304688 0.906250 0.289062 0.902344 0.285156
1 0.000000 0.000000 0.000000 0.996094 0.207031 0.996094 0.218750 0.984375 0.226562 0.984375 0.238281 0.996094 0.332031 0.996094 0.332031 0.957031 0.343750 0.945312 0.351562 0.945312 0.359375 0.953125 0.398438 0.953125 0.406250 0.945312 0.406250 0.937500 0.410156 0.933594 0.410156 0.910156 0.414062 0.906250 0.414062 0.902344 0.417969 0.898438 0.417969 0.894531 0.414062 0.890625 0.414062 0.886719 0.410156 0.882812 0.410156 0.878906 0.406250 0.875000 0.406250 0.871094 0.402344 0.867188 0.402344 0.863281 0.394531 0.855469 0.394531 0.847656 0.398438 0.843750 0.398438 0.839844 0.402344 0.835938 0.402344 0.832031 0.406250 0.828125 0.406250 0.824219 0.410156 0.820312 0.410156 0.812500 0.414062 0.808594 0.414062 0.773438 0.417969 0.769531 0.417969 0.765625 0.433594 0.750000 0.433594 0.746094 0.441406 0.738281 0.441406 0.734375 0.445312 0.730469 0.445312 0.726562 0.449219 0.722656 0.449219 0.718750 0.453125 0.714844 0.453125 0.671875 0.457031 0.667969 0.457031 0.652344 0.464844 0.644531 0.464844 0.640625 0.468750 0.636719 0.472656 0.636719 0.480469 0.644531 0.492188 0.644531 0.500000 0.636719 0.503906 0.636719 0.507812 0.632812 0.511719 0.632812 0.519531 0.625000 0.527344 0.625000 0.527344 0.621094 0.539062 0.609375 0.542969 0.609375 0.550781 0.601562 0.550781 0.597656 0.554688 0.593750 0.554688 0.578125 0.550781 0.574219 0.550781 0.570312 0.554688 0.566406 0.554688 0.562500 0.558594 0.558594 0.558594 0.554688 0.562500 0.550781 0.570312 0.550781 0.574219 0.546875 0.589844 0.546875 0.597656 0.554688 0.601562 0.554688 0.605469 0.558594 0.613281 0.558594 0.617188 0.562500 0.621094 0.562500 0.632812 0.574219 0.632812 0.585938 0.625000 0.593750 0.625000 0.597656 0.621094 0.601562 0.621094 0.609375 0.593750 0.636719 0.593750 0.648438 0.597656 0.652344 0.597656 0.656250 0.589844 0.664062 0.585938 0.660156 0.582031 0.660156 0.578125 0.656250 0.574219 0.656250 0.570312 0.660156 0.566406 0.660156 0.558594 0.667969 0.550781 0.667969 0.542969 0.675781 0.542969 0.679688 0.539062 0.683594 0.539062 0.687500 0.523438 0.703125 0.515625 0.703125 0.507812 0.710938 0.507812 0.714844 0.503906 0.718750 0.503906 0.722656 0.500000 0.726562 0.500000 0.730469 0.496094 0.734375 0.496094 0.750000 0.488281 0.757812 0.488281 0.761719 0.484375 0.765625 0.484375 0.769531 0.480469 0.773438 0.480469 0.789062 0.484375 0.792969 0.484375 0.796875 0.507812 0.820312 0.507812 0.824219 0.519531 0.835938 0.519531 0.839844 0.523438 0.843750 0.519531 0.847656 0.519531 0.851562 0.515625 0.855469 0.515625 0.859375 0.511719 0.863281 0.511719 0.867188 0.503906 0.875000 0.500000 0.875000 0.496094 0.878906 0.492188 0.878906 0.480469 0.890625 0.480469 0.894531 0.476562 0.898438 0.476562 0.906250 0.480469 0.910156 0.480469 0.914062 0.484375 0.917969 0.484375 0.941406 0.476562 0.949219 0.476562 0.953125 0.468750 0.960938 0.464844 0.960938 0.453125 0.972656 0.453125 0.984375 0.457031 0.988281 0.457031 0.992188 0.453125 0.996094 0.917969 0.996094 0.929688 0.984375 0.933594 0.984375 0.957031 0.960938 0.957031 0.941406 0.953125 0.937500 0.953125 0.925781 0.949219 0.921875 0.949219 0.914062 0.945312 0.910156 0.945312 0.902344 0.941406 0.898438 0.941406 0.894531 0.937500 0.890625 0.937500 0.886719 0.941406 0.882812 0.941406 0.878906 0.945312 0.875000 0.945312 0.871094 0.949219 0.867188 0.949219 0.796875 0.945312 0.792969 0.945312 0.773438 0.941406 0.769531 0.941406 0.757812 0.937500 0.753906 0.937500 0.742188 0.941406 0.738281 0.937500 0.734375 0.937500 0.726562 0.929688 0.718750 0.929688 0.660156 0.933594 0.656250 0.933594 0.648438 0.929688 0.644531 0.929688 0.585938 0.925781 0.582031 0.925781 0.566406 0.886719 0.566406 0.878906 0.558594 0.878906 0.542969 0.882812 0.539062 0.882812 0.531250 0.886719 0.527344 0.914062 0.527344 0.925781 0.539062 0.925781 0.546875 0.929688 0.550781 0.933594 0.546875 0.933594 0.527344 0.929688 0.523438 0.929688 0.503906 0.925781 0.500000 0.925781 0.492188 0.929688 0.488281 0.929688 0.484375 0.925781 0.480469 0.925781 0.472656 0.921875 0.472656 0.914062 0.464844 0.910156 0.464844 0.902344 0.472656 0.902344 0.500000 0.898438 0.503906 0.898438 0.507812 0.894531 0.511719 0.878906 0.511719 0.875000 0.507812 0.867188 0.507812 0.859375 0.500000 0.859375 0.488281 0.867188 0.480469 0.871094 0.484375 0.878906 0.484375 0.882812 0.480469 0.882812 0.460938 0.894531 0.449219 0.894531 0.433594 0.914062 0.414062 0.917969 0.414062 0.921875 0.410156 0.933594 0.410156 0.937500 0.414062 0.941406 0.414062 0.953125 0.402344 0.953125 0.394531 0.957031 0.390625 0.957031 0.375000 0.953125 0.371094 0.953125 0.363281 0.957031 0.359375 0.957031 0.355469 0.968750 0.343750 0.980469 0.343750 0.992188 0.332031 0.996094 0.332031 0.996094 0.000000
1 0.554688 0.906250 0.562500 0.906250 0.574219 0.917969 0.574219 0.929688 0.570312 0.933594 0.566406 0.933594 0.562500 0.937500 0.558594 0.937500 0.554688 0.933594 0.550781 0.933594 0.542969 0.925781 0.542969 0.917969
1 0.570312 0.847656 0.574219 0.843750 0.582031 0.851562 0.582031 0.859375 0.578125 0.863281 0.566406 0.863281 0.562500 0.859375 0.562500 0.851562 0.566406 0.847656
1 0.628906 0.792969 0.632812 0.789062 0.636719 0.789062 0.640625 0.792969 0.640625 0.804688 0.636719 0.808594 0.632812 0.808594 0.625000 0.800781 0.628906 0.796875
1 0.703125 0.722656 0.707031 0.718750 0.714844 0.718750 0.718750 0.722656 0.722656 0.722656 0.734375 0.734375 0.734375 0.742188 0.722656 0.753906 0.722656 0.757812 0.714844 0.765625 0.707031 0.765625 0.699219 0.757812 0.699219 0.730469 0.703125 0.726562
1 0.785156 0.660156 0.789062 0.660156 0.792969 0.664062 0.792969 0.671875 0.785156 0.679688 0.781250 0.679688 0.777344 0.675781 0.777344 0.667969
1 0.191406 0.636719 0.218750 0.636719 0.222656 0.640625 0.222656 0.648438 0.214844 0.656250 0.210938 0.656250 0.207031 0.660156 0.187500 0.660156 0.183594 0.656250 0.183594 0.644531
1 0.835938 0.605469 0.847656 0.605469 0.851562 0.609375 0.851562 0.613281 0.855469 0.617188 0.855469 0.625000 0.851562 0.628906 0.851562 0.632812 0.843750 0.640625 0.839844 0.640625 0.835938 0.644531 0.828125 0.644531 0.824219 0.640625 0.824219 0.617188
1 0.000000 0.398438 0.003906 0.394531 0.011719 0.402344 0.007812 0.406250 0.003906 0.406250 0.000000 0.402344
1 0.074219 0.351562 0.082031 0.351562 0.085938 0.355469 0.085938 0.363281 0.082031 0.367188 0.070312 0.367188 0.066406 0.363281 0.066406 0.359375
1 0.644531 0.328125 0.656250 0.328125 0.664062 0.335938 0.664062 0.339844 0.656250 0.347656 0.652344 0.347656 0.644531 0.355469 0.636719 0.355469 0.632812 0.351562 0.632812 0.339844
1 0.890625 0.281250 0.902344 0.281250 0.910156 0.289062 0.910156 0.304688 0.914062 0.308594 0.914062 0.316406 0.910156 0.320312 0.906250 0.320312 0.902344 0.324219 0.890625 0.324219 0.886719 0.320312 0.878906 0.320312 0.871094 0.312500 0.871094 0.296875 0.878906 0.289062 0.882812 0.289062
