0 0.585938 0.921875 0.582031 0.925781 0.582031 0.937500 0.601562 0.937500 0.605469 0.933594 0.609375 0.933594 0.613281 0.929688 0.613281 0.921875
0 0.968750 0.832031 0.964844 0.835938 0.957031 0.835938 0.957031 0.839844 0.953125 0.843750 0.953125 0.847656 0.949219 0.851562 0.949219 0.855469 0.953125 0.859375 0.953125 0.875000 0.949219 0.878906 0.949219 0.882812 0.937500 0.894531 0.933594 0.894531 0.925781 0.902344 0.925781 0.906250 0.921875 0.910156 0.914062 0.910156 0.906250 0.917969 0.902344 0.917969 0.898438 0.921875 0.894531 0.921875 0.886719 0.929688 0.875000 0.929688 0.867188 0.921875 0.863281 0.921875 0.863281 0.925781 0.855469 0.933594 0.855469 0.949219 0.851562 0.953125 0.851562 0.996094 0.898438 0.996094 0.898438 0.992188 0.910156 0.980469 0.917969 0.980469 0.929688 0.968750 0.929688 0.964844 0.933594 0.960938 0.933594 0.957031 0.945312 0.945312 0.953125 0.945312 0.960938 0.937500 0.964844 0.937500 0.968750 0.933594 0.972656 0.933594 0.976562 0.937500 0.980469 0.937500 0.984375 0.941406 0.988281 0.937500 0.988281 0.933594 0.984375 0.929688 0.984375 0.917969 0.996094 0.906250 0.996094 0.839844 0.992188 0.839844 0.984375 0.832031
0 0.398438 0.679688 0.398438 0.683594 0.402344 0.683594
0 0.468750 0.636719 0.464844 0.640625 0.464844 0.644531 0.476562 0.644531 0.476562 0.636719
1 0.996094 0.910156 0.988281 0.917969 0.988281 0.929688 0.992188 0.933594 0.992188 0.937500 0.984375 0.945312 0.980469 0.941406 0.976562 0.941406 0.972656 0.937500 0.968750 0.937500 0.964844 0.941406 0.960938 0.941406 0.953125 0.949219 0.945312 0.949219 0.937500 0.957031 0.937500 0.960938 0.933594 0.964844 0.933594 0.968750 0.917969 0.984375 0.910156 0.984375 0.902344 0.992188 0.902344 0.996094 0.996094 0.996094
1 0.183594 0.000000 0.183594 0.007812 0.187500 0.011719 0.187500 0.023438 0.207031 0.042969 0.207031 0.050781 0.203125 0.054688 0.203125 0.062500 0.199219 0.066406 0.199219 0.070312 0.195312 0.074219 0.195312 0.082031 0.187500 0.089844 0.187500 0.093750 0.164062 0.117188 0.164062 0.121094 0.148438 0.136719 0.148438 0.140625 0.140625 0.148438 0.140625 0.152344 0.128906 0.164062 0.128906 0.167969 0.125000 0.171875 0.125000 0.175781 0.121094 0.179688 0.121094 0.183594 0.109375 0.195312 0.105469 0.195312 0.101562 0.199219 0.093750 0.199219 0.089844 0.203125 0.085938 0.203125 0.078125 0.210938 0.074219 0.210938 0.070312 0.214844 0.070312 0.218750 0.066406 0.222656 0.066406 0.250000 0.062500 0.253906 0.062500 0.257812 0.054688 0.265625 0.050781 0.265625 0.046875 0.269531 0.042969 0.269531 0.039062 0.273438 0.031250 0.273438 0.023438 0.281250 0.019531 0.281250 0.015625 0.285156 0.000000 0.285156 0.000000 0.691406 0.003906 0.695312 0.007812 0.691406 0.011719 0.691406 0.015625 0.687500 0.023438 0.687500 0.039062 0.703125 0.039062 0.714844 0.042969 0.718750 0.042969 0.734375 0.046875 0.738281 0.046875 0.742188 0.066406 0.761719 0.066406 0.777344 0.062500 0.781250 0.062500 0.785156 0.058594 0.789062 0.058594 0.792969 0.050781 0.800781 0.050781 0.808594 0.046875 0.812500 0.046875 0.835938 0.042969 0.839844 0.042969 0.843750 0.027344 0.859375 0.023438 0.859375 0.019531 0.863281 0.015625 0.863281 0.011719 0.867188 0.007812 0.867188 0.003906 0.871094 0.000000 0.871094 0.000000 0.996094 0.847656 0.996094 0.847656 0.953125 0.851562 0.949219 0.851562 0.933594 0.859375 0.925781 0.859375 0.921875 0.863281 0.917969 0.867188 0.917969 0.875000 0.925781 0.886719 0.925781 0.894531 0.917969 0.898438 0.917969 0.902344 0.914062 0.906250 0.914062 0.914062 0.906250 0.921875 0.906250 0.921875 0.902344 0.933594 0.890625 0.937500 0.890625 0.945312 0.882812 0.945312 0.878906 0.949219 0.875000 0.949219 0.859375 0.945312 0.855469 0.945312 0.851562 0.949219 0.847656 0.949219 0.843750 0.953125 0.839844 0.953125 0.835938 0.957031 0.832031 0.964844 0.832031 0.968750 0.828125 0.984375 0.828125 0.992188 0.835938 0.996094 0.835938 0.996094 0.000000
1 0.585938 0.917969 0.613281 0.917969 0.617188 0.921875 0.617188 0.929688 0.609375 0.937500 0.605469 0.937500 0.601562 0.941406 0.582031 0.941406 0.578125 0.937500 0.578125 0.925781
1 0.394531 0.679688 0.398438 0.675781 0.406250 0.683594 0.402344 0.687500 0.398438 0.687500 0.394531 0.683594
1 0.468750 0.632812 0.476562 0.632812 0.480469 0.636719 0.480469 0.644531 0.476562 0.648438 0.464844 0.648438 0.460938 0.644531 0.460938 0.640625
1 0.261719 0.093750 0.265625 0.089844 0.285156 0.089844 0.289062 0.093750 0.300781 0.093750 0.304688 0.097656 0.308594 0.097656 0.320312 0.109375 0.320312 0.113281 0.324219 0.117188 0.324219 0.125000 0.328125 0.128906 0.328125 0.136719 0.324219 0.140625 0.324219 0.144531 0.312500 0.156250 0.312500 0.160156 0.304688 0.167969 0.300781 0.167969 0.289062 0.179688 0.289062 0.183594 0.273438 0.199219 0.269531 0.199219 0.265625 0.203125 0.242188 0.203125 0.238281 0.199219 0.234375 0.199219 0.218750 0.183594 0.218750 0.179688 0.210938 0.171875 0.210938 0.167969 0.207031 0.164062 0.207031 0.156250 0.203125 0.152344 0.203125 0.132812 0.207031 0.128906 0.207031 0.125000 0.226562 0.105469 0.230469 0.105469 0.234375 0.101562 0.238281 0.101562 0.242188 0.097656 0.250000 0.097656 0.253906 0.093750
1 0.000000 0.000000 0.000000 0.039062 0.003906 0.039062 0.007812 0.035156 0.011719 0.035156 0.023438 0.023438 0.027344 0.023438 0.042969 0.007812 0.042969 0.003906 0.046875 0.000000 0.050781 0.000000
2 0.015625 0.691406 0.011719 0.695312 0.007812 0.695312 0.003906 0.699219 0.000000 0.695312 0.000000 0.867188 0.003906 0.867188 0.007812 0.863281 0.011719 0.863281 0.015625 0.859375 0.019531 0.859375 0.023438 0.855469 0.027344 0.855469 0.039062 0.843750 0.039062 0.839844 0.042969 0.835938 0.042969 0.812500 0.046875 0.808594 0.046875 0.800781 0.054688 0.792969 0.054688 0.789062 0.058594 0.785156 0.058594 0.781250 0.062500 0.777344 0.062500 0.761719 0.042969 0.742188 0.042969 0.738281 0.039062 0.734375 0.039062 0.718750 0.035156 0.714844 0.035156 0.703125 0.023438 0.691406
2 0.265625 0.093750 0.261719 0.097656 0.253906 0.097656 0.250000 0.101562 0.242188 0.101562 0.238281 0.105469 0.234375 0.105469 0.230469 0.109375 0.226562 0.109375 0.210938 0.125000 0.210938 0.128906 0.207031 0.132812 0.207031 0.152344 0.210938 0.156250 0.210938 0.164062 0.214844 0.167969 0.214844 0.171875 0.222656 0.179688 0.222656 0.183594 0.234375 0.195312 0.238281 0.195312 0.242188 0.199219 0.265625 0.199219 0.269531 0.195312 0.273438 0.195312 0.285156 0.183594 0.285156 0.179688 0.300781 0.164062 0.304688 0.164062 0.308594 0.160156 0.308594 0.156250 0.320312 0.144531 0.320312 0.140625 0.324219 0.136719 0.324219 0.128906 0.320312 0.125000 0.320312 0.117188 0.316406 0.113281 0.316406 0.109375 0.308594 0.101562 0.304688 0.101562 0.300781 0.097656 0.289062 0.097656 0.285156 0.093750
2 0.054688 0.000000 0.050781 0.003906 0.046875 0.003906 0.046875 0.007812 0.027344 0.027344 0.023438 0.027344 0.011719 0.039062 0.007812 0.039062 0.003906 0.042969 0.000000 0.042969 0.000000 0.281250 0.015625 0.281250 0.019531 0.277344 0.023438 0.277344 0.031250 0.269531 0.039062 0.269531 0.042969 0.265625 0.046875 0.265625 0.050781 0.261719 0.054688 0.261719 0.058594 0.257812 0.058594 0.253906 0.062500 0.250000 0.062500 0.222656 0.066406 0.218750 0.066406 0.214844 0.074219 0.207031 0.078125 0.207031 0.085938 0.199219 0.089844 0.199219 0.093750 0.195312 0.101562 0.195312 0.105469 0.191406 0.109375 0.191406 0.117188 0.183594 0.117188 0.179688 0.121094 0.175781 0.121094 0.171875 0.125000 0.167969 0.125000 0.164062 0.136719 0.152344 0.136719 0.148438 0.144531 0.140625 0.144531 0.136719 0.160156 0.121094 0.160156 0.117188 0.183594 0.093750 0.183594 0.089844 0.191406 0.082031 0.191406 0.074219 0.195312 0.070312 0.195312 0.066406 0.199219 0.062500 0.199219 0.054688 0.203125 0.050781 0.203125 0.042969 0.183594 0.023438 0.183594 0.011719 0.179688 0.007812 0.179688 0.000000
