0 0.828125 0.972656 0.828125 0.980469 0.839844 0.980469 0.839844 0.976562 0.835938 0.972656
0 0.253906 0.949219 0.250000 0.953125 0.250000 0.957031 0.253906 0.960938 0.257812 0.960938 0.265625 0.968750 0.273438 0.968750 0.273438 0.957031 0.265625 0.949219
0 0.007812 0.902344 0.003906 0.906250 0.003906 0.921875 0.000000 0.925781 0.000000 0.933594 0.003906 0.933594 0.007812 0.937500 0.019531 0.937500 0.023438 0.933594 0.031250 0.933594 0.035156 0.929688 0.035156 0.914062 0.031250 0.910156 0.027344 0.910156 0.019531 0.902344
1 0.000000 0.000000 0.000000 0.921875 0.000000 0.906250 0.007812 0.898438 0.019531 0.898438 0.027344 0.906250 0.031250 0.906250 0.039062 0.914062 0.039062 0.929688 0.031250 0.937500 0.023438 0.937500 0.019531 0.941406 0.007812 0.941406 0.003906 0.937500 0.000000 0.937500 0.000000 0.996094 0.996094 0.996094 0.996094 0.500000 0.992188 0.496094 0.992188 0.492188 0.980469 0.480469 0.980469 0.476562 0.976562 0.472656 0.976562 0.464844 0.980469 0.460938 0.980469 0.453125 0.984375 0.449219 0.984375 0.445312 0.996094 0.433594 0.996094 0.000000
1 0.824219 0.972656 0.828125 0.968750 0.835938 0.968750 0.843750 0.976562 0.843750 0.980469 0.839844 0.984375 0.828125 0.984375 0.824219 0.980469
1 0.253906 0.945312 0.265625 0.945312 0.277344 0.957031 0.277344 0.968750 0.273438 0.972656 0.265625 0.972656 0.257812 0.964844 0.253906 0.964844 0.246094 0.957031 0.246094 0.953125
2 0.996094 0.437500 0.988281 0.445312 0.988281 0.449219 0.984375 0.453125 0.984375 0.460938 0.980469 0.464844 0.980469 0.472656 0.984375 0.476562 0.984375 0.480469 0.996094 0.492188 0.996094 0.496094
0 0.828125 0.972656 0.828125 0.980469 0.839844 0.980469 0.839844 0.976562 0.835938 0.972656
0 0.253906 0.949219 0.250000 0.953125 0.250000 0.957031 0.253906 0.960938 0.257812 0.960938 0.265625 0.968750 0.273438 0.968750 0.273438 0.957031 0.265625 0.949219
0 0.007812 0.902344 0.003906 0.906250 0.003906 0.921875 0.000000 0.925781 0.000000 0.933594 0.003906 0.933594 0.007812 0.937500 0.019531 0.937500 0.023438 0.933594 0.031250 0.933594 0.035156 0.929688 0.035156 0.914062 0.031250 0.910156 0.027344 0.910156 0.019531 0.902344
1 0.000000 0.000000 0.000000 0.921875 0.000000 0.906250 0.007812 0.898438 0.019531 0.898438 0.027344 0.906250 0.031250 0.906250 0.039062 0.914062 0.039062 0.929688 0.031250 0.937500 0.023438 0.937500 0.019531 0.941406 0.007812 0.941406 0.003906 0.937500 0.000000 0.937500 0.000000 0.996094 0.996094 0.996094 0.996094 0.500000 0.992188 0.496094 0.992188 0.492188 0.980469 0.480469 0.980469 0.476562 0.976562 0.472656 0.976562 0.464844 0.980469 0.460938 0.980469 0.453125 0.984375 0.449219 0.984375 0.445312 0.996094 0.433594 0.996094 0.000000
1 0.824219 0.972656 0.828125 0.968750 0.835938 0.968750 0.843750 0.976562 0.843750 0.980469 0.839844 0.984375 0.828125 0.984375 0.824219 0.980469
1 0.253906 0.945312 0.265625 0.945312 0.277344 0.957031 0.277344 0.968750 0.273438 0.972656 0.265625 0.972656 0.257812 0.964844 0.253906 0.964844 0.246094 0.957031 0.246094 0.953125
2 0.996094 0.437500 0.988281 0.445312 0.988281 0.449219 0.984375 0.453125 0.984375 0.460938 0.980469 0.464844 0.980469 0.472656 0.984375 0.476562 0.984375 0.480469 0.996094 0.492188 0.996094 0.496094
