0 0.285156 0.992188 0.281250 0.996094 0.296875 0.996094 0.292969 0.992188
0 0.496094 0.953125 0.488281 0.960938 0.488281 0.968750 0.492188 0.972656 0.496094 0.972656 0.500000 0.976562 0.503906 0.976562 0.507812 0.972656 0.511719 0.972656 0.511719 0.960938 0.503906 0.953125
0 0.515625 0.890625 0.511719 0.894531 0.507812 0.894531 0.507812 0.902344 0.519531 0.902344 0.519531 0.894531
0 0.574219 0.835938 0.574219 0.839844 0.570312 0.843750 0.574219 0.847656 0.578125 0.847656 0.578125 0.835938
0 0.648438 0.765625 0.648438 0.769531 0.644531 0.773438 0.644531 0.800781 0.648438 0.804688 0.656250 0.804688 0.660156 0.800781 0.660156 0.796875 0.671875 0.785156 0.671875 0.777344 0.664062 0.769531 0.660156 0.769531 0.656250 0.765625
0 0.726562 0.707031 0.722656 0.710938 0.722656 0.718750 0.726562 0.718750 0.730469 0.714844 0.730469 0.707031
0 0.132812 0.683594 0.128906 0.687500 0.128906 0.699219 0.148438 0.699219 0.152344 0.695312 0.156250 0.695312 0.160156 0.691406 0.160156 0.683594
0 0.777344 0.652344 0.769531 0.660156 0.769531 0.683594 0.777344 0.683594 0.781250 0.679688 0.785156 0.679688 0.789062 0.675781 0.789062 0.671875 0.792969 0.667969 0.792969 0.660156 0.789062 0.656250 0.789062 0.652344
0 0.515625 0.593750 0.511719 0.597656 0.503906 0.597656 0.503906 0.601562 0.500000 0.605469 0.500000 0.609375 0.496094 0.613281 0.496094 0.617188 0.500000 0.621094 0.500000 0.636719 0.496094 0.640625 0.496094 0.644531 0.484375 0.656250 0.480469 0.656250 0.472656 0.664062 0.472656 0.667969 0.468750 0.671875 0.460938 0.671875 0.453125 0.679688 0.449219 0.679688 0.445312 0.683594 0.441406 0.683594 0.433594 0.691406 0.421875 0.691406 0.414062 0.683594 0.410156 0.683594 0.410156 0.687500 0.402344 0.695312 0.402344 0.710938 0.398438 0.714844 0.398438 0.757812 0.394531 0.761719 0.394531 0.765625 0.390625 0.769531 0.390625 0.773438 0.386719 0.777344 0.386719 0.781250 0.378906 0.789062 0.378906 0.792969 0.363281 0.808594 0.363281 0.812500 0.359375 0.816406 0.359375 0.851562 0.355469 0.855469 0.355469 0.863281 0.351562 0.867188 0.351562 0.871094 0.347656 0.875000 0.347656 0.878906 0.343750 0.882812 0.343750 0.886719 0.339844 0.890625 0.339844 0.898438 0.347656 0.906250 0.347656 0.910156 0.351562 0.914062 0.351562 0.917969 0.355469 0.921875 0.355469 0.925781 0.359375 0.929688 0.359375 0.933594 0.363281 0.937500 0.363281 0.941406 0.359375 0.945312 0.359375 0.949219 0.355469 0.953125 0.355469 0.976562 0.351562 0.980469 0.351562 0.988281 0.343750 0.996094 0.414062 0.996094 0.414062 0.992188 0.421875 0.984375 0.421875 0.960938 0.417969 0.957031 0.417969 0.953125 0.414062 0.949219 0.414062 0.941406 0.417969 0.937500 0.417969 0.933594 0.433594 0.917969 0.437500 0.917969 0.441406 0.914062 0.445312 0.914062 0.449219 0.910156 0.449219 0.906250 0.453125 0.902344 0.453125 0.898438 0.457031 0.894531 0.457031 0.890625 0.460938 0.886719 0.457031 0.882812 0.457031 0.878906 0.445312 0.867188 0.445312 0.863281 0.421875 0.839844 0.421875 0.835938 0.417969 0.832031 0.417969 0.816406 0.421875 0.812500 0.421875 0.808594 0.425781 0.804688 0.425781 0.800781 0.433594 0.792969 0.433594 0.777344 0.437500 0.773438 0.437500 0.769531 0.441406 0.765625 0.441406 0.761719 0.445312 0.757812 0.445312 0.753906 0.457031 0.742188 0.464844 0.742188 0.476562 0.730469 0.476562 0.726562 0.480469 0.722656 0.480469 0.718750 0.492188 0.707031 0.500000 0.707031 0.507812 0.699219 0.511719 0.699219 0.515625 0.695312 0.519531 0.695312 0.523438 0.699219 0.527344 0.699219 0.531250 0.703125 0.535156 0.699219 0.535156 0.695312 0.531250 0.691406 0.531250 0.679688 0.558594 0.652344 0.558594 0.644531 0.562500 0.640625 0.562500 0.636719 0.570312 0.628906 0.570312 0.617188 0.562500 0.609375 0.558594 0.609375 0.554688 0.605469 0.546875 0.605469 0.542969 0.601562 0.539062 0.601562 0.531250 0.593750
0 0.015625 0.398438 0.011719 0.402344 0.011719 0.406250 0.023438 0.406250 0.023438 0.398438
0 0.585938 0.375000 0.578125 0.382812 0.578125 0.394531 0.585938 0.394531 0.593750 0.386719 0.597656 0.386719 0.601562 0.382812 0.601562 0.378906 0.597656 0.375000
0 0.996094 0.332031 0.988281 0.339844 0.984375 0.339844 0.980469 0.343750 0.972656 0.343750 0.968750 0.347656 0.968750 0.351562 0.960938 0.359375 0.960938 0.363281 0.949219 0.375000 0.945312 0.375000 0.941406 0.378906 0.933594 0.378906 0.921875 0.390625 0.910156 0.390625 0.902344 0.398438 0.902344 0.402344 0.898438 0.406250 0.898438 0.414062 0.902344 0.417969 0.902344 0.433594 0.898438 0.437500 0.898438 0.445312 0.882812 0.460938 0.878906 0.460938 0.875000 0.457031 0.863281 0.457031 0.859375 0.460938 0.855469 0.460938 0.839844 0.476562 0.839844 0.492188 0.828125 0.503906 0.828125 0.523438 0.820312 0.531250 0.812500 0.531250 0.808594 0.527344 0.804688 0.531250 0.804688 0.542969 0.808594 0.546875 0.816406 0.546875 0.820312 0.550781 0.835938 0.550781 0.835938 0.546875 0.839844 0.542969 0.839844 0.515625 0.851562 0.503906 0.855469 0.503906 0.863281 0.511719 0.867188 0.511719 0.871094 0.515625 0.871094 0.523438 0.875000 0.527344 0.875000 0.531250 0.871094 0.535156 0.871094 0.542969 0.875000 0.546875 0.875000 0.566406 0.878906 0.570312 0.878906 0.589844 0.871094 0.597656 0.863281 0.589844 0.863281 0.582031 0.855469 0.574219 0.828125 0.574219 0.828125 0.582031 0.824219 0.585938 0.824219 0.601562 0.828125 0.605469 0.867188 0.605469 0.871094 0.609375 0.871094 0.625000 0.875000 0.628906 0.875000 0.687500 0.878906 0.691406 0.878906 0.699219 0.875000 0.703125 0.875000 0.761719 0.882812 0.769531 0.882812 0.777344 0.886719 0.781250 0.882812 0.785156 0.882812 0.796875 0.886719 0.800781 0.886719 0.812500 0.890625 0.816406 0.890625 0.835938 0.894531 0.839844 0.894531 0.910156 0.890625 0.914062 0.890625 0.917969 0.886719 0.921875 0.886719 0.925781 0.882812 0.929688 0.882812 0.933594 0.886719 0.937500 0.886719 0.941406 0.890625 0.945312 0.890625 0.953125 0.894531 0.957031 0.894531 0.964844 0.898438 0.968750 0.898438 0.980469 0.902344 0.984375 0.902344 0.996094 0.996094 0.996094
0 0.832031 0.328125 0.824219 0.335938 0.820312 0.335938 0.816406 0.339844 0.816406 0.355469 0.820312 0.359375 0.828125 0.359375 0.832031 0.363281 0.843750 0.363281 0.847656 0.359375 0.851562 0.359375 0.851562 0.351562 0.847656 0.347656 0.847656 0.332031 0.843750 0.328125
0 0.996094 0.074219 0.988281 0.082031 0.988281 0.117188 0.992188 0.121094 0.992188 0.148438 0.996094 0.152344 0.996094 0.160156
1 0.000000 0.000000 0.000000 0.996094 0.277344 0.996094 0.285156 0.988281 0.292969 0.988281 0.300781 0.996094 0.339844 0.996094 0.347656 0.988281 0.347656 0.980469 0.351562 0.976562 0.351562 0.953125 0.355469 0.949219 0.355469 0.945312 0.359375 0.941406 0.359375 0.937500 0.355469 0.933594 0.355469 0.929688 0.351562 0.925781 0.351562 0.921875 0.347656 0.917969 0.347656 0.914062 0.343750 0.910156 0.343750 0.906250 0.335938 0.898438 0.335938 0.890625 0.339844 0.886719 0.339844 0.882812 0.343750 0.878906 0.343750 0.875000 0.347656 0.871094 0.347656 0.867188 0.351562 0.863281 0.351562 0.855469 0.355469 0.851562 0.355469 0.816406 0.359375 0.812500 0.359375 0.808594 0.375000 0.792969 0.375000 0.789062 0.382812 0.781250 0.382812 0.777344 0.386719 0.773438 0.386719 0.769531 0.390625 0.765625 0.390625 0.761719 0.394531 0.757812 0.394531 0.714844 0.398438 0.710938 0.398438 0.695312 0.406250 0.687500 0.406250 0.683594 0.410156 0.679688 0.414062 0.679688 0.421875 0.687500 0.433594 0.687500 0.441406 0.679688 0.445312 0.679688 0.449219 0.675781 0.453125 0.675781 0.460938 0.667969 0.468750 0.667969 0.468750 0.664062 0.480469 0.652344 0.484375 0.652344 0.492188 0.644531 0.492188 0.640625 0.496094 0.636719 0.496094 0.621094 0.492188 0.617188 0.492188 0.613281 0.496094 0.609375 0.496094 0.605469 0.500000 0.601562 0.500000 0.597656 0.503906 0.593750 0.511719 0.593750 0.515625 0.589844 0.531250 0.589844 0.539062 0.597656 0.542969 0.597656 0.546875 0.601562 0.554688 0.601562 0.558594 0.605469 0.562500 0.605469 0.574219 0.617188 0.574219 0.628906 0.566406 0.636719 0.566406 0.640625 0.562500 0.644531 0.562500 0.652344 0.535156 0.679688 0.535156 0.691406 0.539062 0.695312 0.539062 0.699219 0.531250 0.707031 0.527344 0.703125 0.523438 0.703125 0.519531 0.699219 0.515625 0.699219 0.511719 0.703125 0.507812 0.703125 0.500000 0.710938 0.492188 0.710938 0.484375 0.718750 0.484375 0.722656 0.480469 0.726562 0.480469 0.730469 0.464844 0.746094 0.457031 0.746094 0.449219 0.753906 0.449219 0.757812 0.445312 0.761719 0.445312 0.765625 0.441406 0.769531 0.441406 0.773438 0.437500 0.777344 0.437500 0.792969 0.429688 0.800781 0.429688 0.804688 0.425781 0.808594 0.425781 0.812500 0.421875 0.816406 0.421875 0.832031 0.425781 0.835938 0.425781 0.839844 0.449219 0.863281 0.449219 0.867188 0.460938 0.878906 0.460938 0.882812 0.464844 0.886719 0.460938 0.890625 0.460938 0.894531 0.457031 0.898438 0.457031 0.902344 0.453125 0.906250 0.453125 0.910156 0.445312 0.917969 0.441406 0.917969 0.437500 0.921875 0.433594 0.921875 0.421875 0.933594 0.421875 0.937500 0.417969 0.941406 0.417969 0.949219 0.421875 0.953125 0.421875 0.957031 0.425781 0.960938 0.425781 0.984375 0.417969 0.992188 0.417969 0.996094 0.898438 0.996094 0.898438 0.984375 0.894531 0.980469 0.894531 0.968750 0.890625 0.964844 0.890625 0.957031 0.886719 0.953125 0.886719 0.945312 0.882812 0.941406 0.882812 0.937500 0.878906 0.933594 0.878906 0.929688 0.882812 0.925781 0.882812 0.921875 0.886719 0.917969 0.886719 0.914062 0.890625 0.910156 0.890625 0.839844 0.886719 0.835938 0.886719 0.816406 0.882812 0.812500 0.882812 0.800781 0.878906 0.796875 0.878906 0.785156 0.882812 0.781250 0.878906 0.777344 0.878906 0.769531 0.871094 0.761719 0.871094 0.703125 0.875000 0.699219 0.875000 0.691406 0.871094 0.687500 0.871094 0.628906 0.867188 0.625000 0.867188 0.609375 0.828125 0.609375 0.820312 0.601562 0.820312 0.585938 0.824219 0.582031 0.824219 0.574219 0.828125 0.570312 0.855469 0.570312 0.867188 0.582031 0.867188 0.589844 0.871094 0.593750 0.875000 0.589844 0.875000 0.570312 0.871094 0.566406 0.871094 0.546875 0.867188 0.542969 0.867188 0.535156 0.871094 0.531250 0.871094 0.527344 0.867188 0.523438 0.867188 0.515625 0.863281 0.515625 0.855469 0.507812 0.851562 0.507812 0.843750 0.515625 0.843750 0.542969 0.839844 0.546875 0.839844 0.550781 0.835938 0.554688 0.820312 0.554688 0.816406 0.550781 0.808594 0.550781 0.800781 0.542969 0.800781 0.531250 0.808594 0.523438 0.812500 0.527344 0.820312 0.527344 0.824219 0.523438 0.824219 0.503906 0.835938 0.492188 0.835938 0.476562 0.855469 0.457031 0.859375 0.457031 0.863281 0.453125 0.875000 0.453125 0.878906 0.457031 0.882812 0.457031 0.894531 0.445312 0.894531 0.437500 0.898438 0.433594 0.898438 0.417969 0.894531 0.414062 0.894531 0.406250 0.898438 0.402344 0.898438 0.398438 0.910156 0.386719 0.921875 0.386719 0.933594 0.375000 0.941406 0.375000 0.945312 0.371094 0.949219 0.371094 0.957031 0.363281 0.957031 0.359375 0.964844 0.351562 0.964844 0.347656 0.972656 0.339844 0.980469 0.339844 0.984375 0.335938 0.988281 0.335938 0.996094 0.328125 0.996094 0.164062 0.992188 0.160156 0.992188 0.152344 0.988281 0.148438 0.988281 0.121094 0.984375 0.117188 0.984375 0.082031 0.996094 0.070312 0.996094 0.000000
1 0.496094 0.949219 0.503906 0.949219 0.515625 0.960938 0.515625 0.972656 0.511719 0.976562 0.507812 0.976562 0.503906 0.980469 0.500000 0.980469 0.496094 0.976562 0.492188 0.976562 0.484375 0.968750 0.484375 0.960938
1 0.511719 0.890625 0.515625 0.886719 0.523438 0.894531 0.523438 0.902344 0.519531 0.906250 0.507812 0.906250 0.503906 0.902344 0.503906 0.894531 0.507812 0.890625
1 0.570312 0.835938 0.574219 0.832031 0.578125 0.832031 0.582031 0.835938 0.582031 0.847656 0.578125 0.851562 0.574219 0.851562 0.566406 0.843750 0.570312 0.839844
1 0.644531 0.765625 0.648438 0.761719 0.656250 0.761719 0.660156 0.765625 0.664062 0.765625 0.675781 0.777344 0.675781 0.785156 0.664062 0.796875 0.664062 0.800781 0.656250 0.808594 0.648438 0.808594 0.640625 0.800781 0.640625 0.773438 0.644531 0.769531
1 0.726562 0.703125 0.730469 0.703125 0.734375 0.707031 0.734375 0.714844 0.726562 0.722656 0.722656 0.722656 0.718750 0.718750 0.718750 0.710938
1 0.132812 0.679688 0.160156 0.679688 0.164062 0.683594 0.164062 0.691406 0.156250 0.699219 0.152344 0.699219 0.148438 0.703125 0.128906 0.703125 0.125000 0.699219 0.125000 0.687500
1 0.777344 0.648438 0.789062 0.648438 0.792969 0.652344 0.792969 0.656250 0.796875 0.660156 0.796875 0.667969 0.792969 0.671875 0.792969 0.675781 0.785156 0.683594 0.781250 0.683594 0.777344 0.687500 0.769531 0.687500 0.765625 0.683594 0.765625 0.660156
1 0.015625 0.394531 0.023438 0.394531 0.027344 0.398438 0.027344 0.406250 0.023438 0.410156 0.011719 0.410156 0.007812 0.406250 0.007812 0.402344
1 0.585938 0.371094 0.597656 0.371094 0.605469 0.378906 0.605469 0.382812 0.597656 0.390625 0.593750 0.390625 0.585938 0.398438 0.578125 0.398438 0.574219 0.394531 0.574219 0.382812
1 0.832031 0.324219 0.843750 0.324219 0.851562 0.332031 0.851562 0.347656 0.855469 0.351562 0.855469 0.359375 0.851562 0.363281 0.847656 0.363281 0.843750 0.367188 0.832031 0.367188 0.828125 0.363281 0.820312 0.363281 0.812500 0.355469 0.812500 0.339844 0.820312 0.332031 0.824219 0.332031
0 0.285156 0.992188 0.281250 0.996094 0.296875 0.996094 0.292969 0.992188
0 0.496094 0.953125 0.488281 0.960938 0.488281 0.968750 0.492188 0.972656 0.496094 0.972656 0.500000 0.976562 0.503906 0.976562 0.507812 0.972656 0.511719 0.972656 0.511719 0.960938 0.503906 0.953125
0 0.515625 0.890625 0.511719 0.894531 0.507812 0.894531 0.507812 0.902344 0.519531 0.902344 0.519531 0.894531
0 0.574219 0.835938 0.574219 0.839844 0.570312 0.843750 0.574219 0.847656 0.578125 0.847656 0.578125 0.835938
0 0.648438 0.765625 0.648438 0.769531 0.644531 0.773438 0.644531 0.800781 0.648438 0.804688 0.656250 0.804688 0.660156 0.800781 0.660156 0.796875 0.671875 0.785156 0.671875 0.777344 0.664062 0.769531 0.660156 0.769531 0.656250 0.765625
0 0.726562 0.707031 0.722656 0.710938 0.722656 0.718750 0.726562 0.718750 0.730469 0.714844 0.730469 0.707031
0 0.132812 0.683594 0.128906 0.687500 0.128906 0.699219 0.148438 0.699219 0.152344 0.695312 0.156250 0.695312 0.160156 0.691406 0.160156 0.683594
0 0.777344 0.652344 0.769531 0.660156 0.769531 0.683594 0.777344 0.683594 0.781250 0.679688 0.785156 0.679688 0.789062 0.675781 0.789062 0.671875 0.792969 0.667969 0.792969 0.660156 0.789062 0.656250 0.789062 0.652344
0 0.515625 0.593750 0.511719 0.597656 0.503906 0.597656 0.503906 0.601562 0.500000 0.605469 0.500000 0.609375 0.496094 0.613281 0.496094 0.617188 0.500000 0.621094 0.500000 0.636719 0.496094 0.640625 0.496094 0.644531 0.484375 0.656250 0.480469 0.656250 0.472656 0.664062 0.472656 0.667969 0.468750 0.671875 0.460938 0.671875 0.453125 0.679688 0.449219 0.679688 0.445312 0.683594 0.441406 0.683594 0.433594 0.691406 0.421875 0.691406 0.414062 0.683594 0.410156 0.683594 0.410156 0.687500 0.402344 0.695312 0.402344 0.710938 0.398438 0.714844 0.398438 0.757812 0.394531 0.761719 0.394531 0.765625 0.390625 0.769531 0.390625 0.773438 0.386719 0.777344 0.386719 0.781250 0.378906 0.789062 0.378906 0.792969 0.363281 0.808594 0.363281 0.812500 0.359375 0.816406 0.359375 0.851562 0.355469 0.855469 0.355469 0.863281 0.351562 0.867188 0.351562 0.871094 0.347656 0.875000 0.347656 0.878906 0.343750 0.882812 0.343750 0.886719 0.339844 0.890625 0.339844 0.898438 0.347656 0.906250 0.347656 0.910156 0.351562 0.914062 0.351562 0.917969 0.355469 0.921875 0.355469 0.925781 0.359375 0.929688 0.359375 0.933594 0.363281 0.937500 0.363281 0.941406 0.359375 0.945312 0.359375 0.949219 0.355469 0.953125 0.355469 0.976562 0.351562 0.980469 0.351562 0.988281 0.343750 0.996094 0.414062 0.996094 0.414062 0.992188 0.421875 0.984375 0.421875 0.960938 0.417969 0.957031 0.417969 0.953125 0.414062 0.949219 0.414062 0.941406 0.417969 0.937500 0.417969 0.933594 0.433594 0.917969 0.437500 0.917969 0.441406 0.914062 0.445312 0.914062 0.449219 0.910156 0.449219 0.906250 0.453125 0.902344 0.453125 0.898438 0.457031 0.894531 0.457031 0.890625 0.460938 0.886719 0.457031 0.882812 0.457031 0.878906 0.445312 0.867188 0.445312 0.863281 0.421875 0.839844 0.421875 0.835938 0.417969 0.832031 0.417969 0.816406 0.421875 0.812500 0.421875 0.808594 0.425781 0.804688 0.425781 0.800781 0.433594 0.792969 0.433594 0.777344 0.437500 0.773438 0.437500 0.769531 0.441406 0.765625 0.441406 0.761719 0.445312 0.757812 0.445312 0.753906 0.457031 0.742188 0.464844 0.742188 0.476562 0.730469 0.476562 0.726562 0.480469 0.722656 0.480469 0.718750 0.492188 0.707031 0.500000 0.707031 0.507812 0.699219 0.511719 0.699219 0.515625 0.695312 0.519531 0.695312 0.523438 0.699219 0.527344 0.699219 0.531250 0.703125 0.535156 0.699219 0.535156 0.695312 0.531250 0.691406 0.531250 0.679688 0.558594 0.652344 0.558594 0.644531 0.562500 0.640625 0.562500 0.636719 0.570312 0.628906 0.570312 0.617188 0.562500 0.609375 0.558594 0.609375 0.554688 0.605469 0.546875 0.605469 0.542969 0.601562 0.539062 0.601562 0.531250 0.593750
0 0.015625 0.398438 0.011719 0.402344 0.011719 0.406250 0.023438 0.406250 0.023438 0.398438
0 0.585938 0.375000 0.578125 0.382812 0.578125 0.394531 0.585938 0.394531 0.593750 0.386719 0.597656 0.386719 0.601562 0.382812 0.601562 0.378906 0.597656 0.375000
0 0.996094 0.332031 0.988281 0.339844 0.984375 0.339844 0.980469 0.343750 0.972656 0.343750 0.968750 0.347656 0.968750 0.351562 0.960938 0.359375 0.960938 0.363281 0.949219 0.375000 0.945312 0.375000 0.941406 0.378906 0.933594 0.378906 0.921875 0.390625 0.910156 0.390625 0.902344 0.398438 0.902344 0.402344 0.898438 0.406250 0.898438 0.414062 0.902344 0.417969 0.902344 0.433594 0.898438 0.437500 0.898438 0.445312 0.882812 0.460938 0.878906 0.460938 0.875000 0.457031 0.863281 0.457031 0.859375 0.460938 0.855469 0.460938 0.839844 0.476562 0.839844 0.492188 0.828125 0.503906 0.828125 0.523438 0.820312 0.531250 0.812500 0.531250 0.808594 0.527344 0.804688 0.531250 0.804688 0.542969 0.808594 0.546875 0.816406 0.546875 0.820312 0.550781 0.835938 0.550781 0.835938 0.546875 0.839844 0.542969 0.839844 0.515625 0.851562 0.503906 0.855469 0.503906 0.863281 0.511719 0.867188 0.511719 0.871094 0.515625 0.871094 0.523438 0.875000 0.527344 0.875000 0.531250 0.871094 0.535156 0.871094 0.542969 0.875000 0.546875 0.875000 0.566406 0.878906 0.570312 0.878906 0.589844 0.871094 0.597656 0.863281 0.589844 0.863281 0.582031 0.855469 0.574219 0.828125 0.574219 0.828125 0.582031 0.824219 0.585938 0.824219 0.601562 0.828125 0.605469 0.867188 0.605469 0.871094 0.609375 0.871094 0.625000 0.875000 0.628906 0.875000 0.687500 0.878906 0.691406 0.878906 0.699219 0.875000 0.703125 0.875000 0.761719 0.882812 0.769531 0.882812 0.777344 0.886719 0.781250 0.882812 0.785156 0.882812 0.796875 0.886719 0.800781 0.886719 0.812500 0.890625 0.816406 0.890625 0.835938 0.894531 0.839844 0.894531 0.910156 0.890625 0.914062 0.890625 0.917969 0.886719 0.921875 0.886719 0.925781 0.882812 0.929688 0.882812 0.933594 0.886719 0.937500 0.886719 0.941406 0.890625 0.945312 0.890625 0.953125 0.894531 0.957031 0.894531 0.964844 0.898438 0.968750 0.898438 0.980469 0.902344 0.984375 0.902344 0.996094 0.996094 0.996094
0 0.832031 0.328125 0.824219 0.335938 0.820312 0.335938 0.816406 0.339844 0.816406 0.355469 0.820312 0.359375 0.828125 0.359375 0.832031 0.363281 0.843750 0.363281 0.847656 0.359375 0.851562 0.359375 0.851562 0.351562 0.847656 0.347656 0.847656 0.332031 0.843750 0.328125
0 0.996094 0.074219 0.988281 0.082031 0.988281 0.117188 0.992188 0.121094 0.992188 0.148438 0.996094 0.152344 0.996094 0.160156
1 0.000000 0.000000 0.000000 0.996094 0.277344 0.996094 0.285156 0.988281 0.292969 0.988281 0.300781 0.996094 0.339844 0.996094 0.347656 0.988281 0.347656 0.980469 0.351562 0.976562 0.351562 0.953125 0.355469 0.949219 0.355469 0.945312 0.359375 0.941406 0.359375 0.937500 0.355469 0.933594 0.355469 0.929688 0.351562 0.925781 0.351562 0.921875 0.347656 0.917969 0.347656 0.914062 0.343750 0.910156 0.343750 0.906250 0.335938 0.898438 0.335938 0.890625 0.339844 0.886719 0.339844 0.882812 0.343750 0.878906 0.343750 0.875000 0.347656 0.871094 0.347656 0.867188 0.351562 0.863281 0.351562 0.855469 0.355469 0.851562 0.355469 0.816406 0.359375 0.812500 0.359375 0.808594 0.375000 0.792969 0.375000 0.789062 0.382812 0.781250 0.382812 0.777344 0.386719 0.773438 0.386719 0.769531 0.390625 0.765625 0.390625 0.761719 0.394531 0.757812 0.394531 0.714844 0.398438 0.710938 0.398438 0.695312 0.406250 0.687500 0.406250 0.683594 0.410156 0.679688 0.414062 0.679688 0.421875 0.687500 0.433594 0.687500 0.441406 0.679688 0.445312 0.679688 0.449219 0.675781 0.453125 0.675781 0.460938 0.667969 0.468750 0.667969 0.468750 0.664062 0.480469 0.652344 0.484375 0.652344 0.492188 0.644531 0.492188 0.640625 0.496094 0.636719 0.496094 0.621094 0.492188 0.617188 0.492188 0.613281 0.496094 0.609375 0.496094 0.605469 0.500000 0.601562 0.500000 0.597656 0.503906 0.593750 0.511719 0.593750 0.515625 0.589844 0.531250 0.589844 0.539062 0.597656 0.542969 0.597656 0.546875 0.601562 0.554688 0.601562 0.558594 0.605469 0.562500 0.605469 0.574219 0.617188 0.574219 0.628906 0.566406 0.636719 0.566406 0.640625 0.562500 0.644531 0.562500 0.652344 0.535156 0.679688 0.535156 0.691406 0.539062 0.695312 0.539062 0.699219 0.531250 0.707031 0.527344 0.703125 0.523438 0.703125 0.519531 0.699219 0.515625 0.699219 0.511719 0.703125 0.507812 0.703125 0.500000 0.710938 0.492188 0.710938 0.484375 0.718750 0.484375 0.722656 0.480469 0.726562 0.480469 0.730469 0.464844 0.746094 0.457031 0.746094 0.449219 0.753906 0.449219 0.757812 0.445312 0.761719 0.445312 0.765625 0.441406 0.769531 0.441406 0.773438 0.437500 0.777344 0.437500 0.792969 0.429688 0.800781 0.429688 0.804688 0.425781 0.808594 0.425781 0.812500 0.421875 0.816406 0.421875 0.832031 0.425781 0.835938 0.425781 0.839844 0.449219 0.863281 0.449219 0.867188 0.460938 0.878906 0.460938 0.882812 0.464844 0.886719 0.460938 0.890625 0.460938 0.894531 0.457031 0.898438 0.457031 0.902344 0.453125 0.906250 0.453125 0.910156 0.445312 0.917969 0.441406 0.917969 0.437500 0.921875 0.433594 0.921875 0.421875 0.933594 0.421875 0.937500 0.417969 0.941406 0.417969 0.949219 0.421875 0.953125 0.421875 0.957031 0.425781 0.960938 0.425781 0.984375 0.417969 0.992188 0.417969 0.996094 0.898438 0.996094 0.898438 0.984375 0.894531 0.980469 0.894531 0.968750 0.890625 0.964844 0.890625 0.957031 0.886719 0.953125 0.886719 0.945312 0.882812 0.941406 0.882812 0.937500 0.878906 0.933594 0.878906 0.929688 0.882812 0.925781 0.882812 0.921875 0.886719 0.917969 0.886719 0.914062 0.890625 0.910156 0.890625 0.839844 0.886719 0.835938 0.886719 0.816406 0.882812 0.812500 0.882812 0.800781 0.878906 0.796875 0.878906 0.785156 0.882812 0.781250 0.878906 0.777344 0.878906 0.769531 0.871094 0.761719 0.871094 0.703125 0.875000 0.699219 0.875000 0.691406 0.871094 0.687500 0.871094 0.628906 0.867188 0.625000 0.867188 0.609375 0.828125 0.609375 0.820312 0.601562 0.820312 0.585938 0.824219 0.582031 0.824219 0.574219 0.828125 0.570312 0.855469 0.570312 0.867188 0.582031 0.867188 0.589844 0.871094 0.593750 0.875000 0.589844 0.875000 0.570312 0.871094 0.566406 0.871094 0.546875 0.867188 0.542969 0.867188 0.535156 0.871094 0.531250 0.871094 0.527344 0.867188 0.523438 0.867188 0.515625 0.863281 0.515625 0.855469 0.507812 0.851562 0.507812 0.843750 0.515625 0.843750 0.542969 0.839844 0.546875 0.839844 0.550781 0.835938 0.554688 0.820312 0.554688 0.816406 0.550781 0.808594 0.550781 0.800781 0.542969 0.800781 0.531250 0.808594 0.523438 0.812500 0.527344 0.820312 0.527344 0.824219 0.523438 0.824219 0.503906 0.835938 0.492188 0.835938 0.476562 0.855469 0.457031 0.859375 0.457031 0.863281 0.453125 0.875000 0.453125 0.878906 0.457031 0.882812 0.457031 0.894531 0.445312 0.894531 0.437500 0.898438 0.433594 0.898438 0.417969 0.894531 0.414062 0.894531 0.406250 0.898438 0.402344 0.898438 0.398438 0.910156 0.386719 0.921875 0.386719 0.933594 0.375000 0.941406 0.375000 0.945312 0.371094 0.949219 0.371094 0.957031 0.363281 0.957031 0.359375 0.964844 0.351562 0.964844 0.347656 0.972656 0.339844 0.980469 0.339844 0.984375 0.335938 0.988281 0.335938 0.996094 0.328125 0.996094 0.164062 0.992188 0.160156 0.992188 0.152344 0.988281 0.148438 0.988281 0.121094 0.984375 0.117188 0.984375 0.082031 0.996094 0.070312 0.996094 0.000000
1 0.496094 0.949219 0.503906 0.949219 0.515625 0.960938 0.515625 0.972656 0.511719 0.976562 0.507812 0.976562 0.503906 0.980469 0.500000 0.980469 0.496094 0.976562 0.492188 0.976562 0.484375 0.968750 0.484375 0.960938
1 0.511719 0.890625 0.515625 0.886719 0.523438 0.894531 0.523438 0.902344 0.519531 0.906250 0.507812 0.906250 0.503906 0.902344 0.503906 0.894531 0.507812 0.890625
1 0.570312 0.835938 0.574219 0.832031 0.578125 0.832031 0.582031 0.835938 0.582031 0.847656 0.578125 0.851562 0.574219 0.851562 0.566406 0.843750 0.570312 0.839844
1 0.644531 0.765625 0.648438 0.761719 0.656250 0.761719 0.660156 0.765625 0.664062 0.765625 0.675781 0.777344 0.675781 0.785156 0.664062 0.796875 0.664062 0.800781 0.656250 0.808594 0.648438 0.808594 0.640625 0.800781 0.640625 0.773438 0.644531 0.769531
1 0.726562 0.703125 0.730469 0.703125 0.734375 0.707031 0.734375 0.714844 0.726562 0.722656 0.722656 0.722656 0.718750 0.718750 0.718750 0.710938
1 0.132812 0.679688 0.160156 0.679688 0.164062 0.683594 0.164062 0.691406 0.156250 0.699219 0.152344 0.699219 0.148438 0.703125 0.128906 0.703125 0.125000 0.699219 0.125000 0.687500
1 0.777344 0.648438 0.789062 0.648438 0.792969 0.652344 0.792969 0.656250 0.796875 0.660156 0.796875 0.667969 0.792969 0.671875 0.792969 0.675781 0.785156 0.683594 0.781250 0.683594 0.777344 0.687500 0.769531 0.687500 0.765625 0.683594 0.765625 0.660156
1 0.015625 0.394531 0.023438 0.394531 0.027344 0.398438 0.027344 0.406250 0.023438 0.410156 0.011719 0.410156 0.007812 0.406250 0.007812 0.402344
1 0.585938 0.371094 0.597656 0.371094 0.605469 0.378906 0.605469 0.382812 0.597656 0.390625 0.593750 0.390625 0.585938 0.398438 0.578125 0.398438 0.574219 0.394531 0.574219 0.382812
1 0.832031 0.324219 0.843750 0.324219 0.851562 0.332031 0.851562 0.347656 0.855469 0.351562 0.855469 0.359375 0.851562 0.363281 0.847656 0.363281 0.843750 0.367188 0.832031 0.367188 0.828125 0.363281 0.820312 0.363281 0.812500 0.355469 0.812500 0.339844 0.820312 0.332031 0.824219 0.332031
