1 0.000000 0.000000 0.000000 0.996094 0.277344 0.996094 0.281250 0.992188 0.292969 0.992188 0.296875 0.988281 0.308594 0.988281 0.312500 0.984375 0.339844 0.984375 0.347656 0.992188 0.347656 0.996094 0.546875 0.996094 0.546875 0.972656 0.550781 0.968750 0.550781 0.964844 0.558594 0.957031 0.558594 0.953125 0.570312 0.941406 0.570312 0.937500 0.578125 0.929688 0.585938 0.929688 0.593750 0.937500 0.593750 0.941406 0.597656 0.945312 0.601562 0.945312 0.605469 0.949219 0.613281 0.949219 0.621094 0.941406 0.625000 0.941406 0.628906 0.937500 0.636719 0.937500 0.640625 0.933594 0.644531 0.933594 0.648438 0.929688 0.652344 0.929688 0.656250 0.925781 0.660156 0.925781 0.664062 0.921875 0.667969 0.921875 0.671875 0.917969 0.695312 0.917969 0.699219 0.921875 0.707031 0.921875 0.710938 0.925781 0.738281 0.925781 0.742188 0.921875 0.750000 0.921875 0.753906 0.917969 0.757812 0.917969 0.761719 0.914062 0.769531 0.914062 0.773438 0.910156 0.781250 0.910156 0.785156 0.906250 0.789062 0.906250 0.796875 0.898438 0.800781 0.898438 0.867188 0.832031 0.867188 0.828125 0.871094 0.824219 0.871094 0.820312 0.878906 0.812500 0.878906 0.808594 0.882812 0.804688 0.882812 0.800781 0.890625 0.792969 0.890625 0.789062 0.902344 0.777344 0.902344 0.773438 0.917969 0.757812 0.921875 0.757812 0.925781 0.753906 0.929688 0.753906 0.937500 0.746094 0.953125 0.746094 0.960938 0.753906 0.960938 0.757812 0.964844 0.761719 0.964844 0.765625 0.968750 0.769531 0.968750 0.773438 0.972656 0.777344 0.988281 0.777344 0.992188 0.773438 0.996094 0.773438 0.996094 0.000000 0.917969 0.000000 0.910156 0.007812 0.906250 0.007812 0.890625 0.023438 0.886719 0.023438 0.882812 0.027344 0.878906 0.027344 0.875000 0.031250 0.867188 0.031250 0.863281 0.035156 0.847656 0.035156 0.843750 0.039062 0.828125 0.039062 0.824219 0.042969 0.812500 0.042969 0.808594 0.046875 0.800781 0.046875 0.796875 0.050781 0.769531 0.050781 0.765625 0.046875 0.750000 0.046875 0.746094 0.042969 0.734375 0.042969 0.730469 0.039062 0.714844 0.039062 0.710938 0.035156 0.707031 0.035156 0.703125 0.031250 0.699219 0.031250 0.695312 0.027344 0.691406 0.027344 0.675781 0.011719 0.671875 0.011719 0.660156 0.000000
1 0.437500 0.792969 0.441406 0.792969 0.449219 0.800781 0.453125 0.800781 0.464844 0.812500 0.464844 0.828125 0.453125 0.839844 0.445312 0.839844 0.433594 0.828125 0.433594 0.824219 0.429688 0.820312 0.429688 0.800781
1 0.386719 0.515625 0.390625 0.511719 0.394531 0.511719 0.402344 0.519531 0.398438 0.523438 0.398438 0.546875 0.390625 0.554688 0.382812 0.554688 0.375000 0.546875 0.375000 0.542969 0.371094 0.539062 0.371094 0.527344 0.375000 0.523438 0.375000 0.519531 0.378906 0.515625
1 0.488281 0.140625 0.496094 0.148438 0.496094 0.156250 0.492188 0.160156 0.484375 0.160156 0.480469 0.156250 0.480469 0.148438
2 0.312500 0.988281 0.308594 0.992188 0.296875 0.992188 0.292969 0.996094 0.281250 0.996094 0.343750 0.996094 0.343750 0.992188 0.339844 0.988281
2 0.437500 0.796875 0.433594 0.800781 0.433594 0.820312 0.437500 0.824219 0.437500 0.828125 0.445312 0.835938 0.453125 0.835938 0.460938 0.828125 0.460938 0.812500 0.453125 0.804688 0.449219 0.804688 0.441406 0.796875
2 0.937500 0.750000 0.929688 0.757812 0.925781 0.757812 0.921875 0.761719 0.917969 0.761719 0.906250 0.773438 0.906250 0.777344 0.894531 0.789062 0.894531 0.792969 0.886719 0.800781 0.886719 0.804688 0.882812 0.808594 0.882812 0.812500 0.875000 0.820312 0.875000 0.824219 0.871094 0.828125 0.871094 0.832031 0.800781 0.902344 0.796875 0.902344 0.789062 0.910156 0.785156 0.910156 0.781250 0.914062 0.773438 0.914062 0.769531 0.917969 0.761719 0.917969 0.757812 0.921875 0.753906 0.921875 0.750000 0.925781 0.742188 0.925781 0.738281 0.929688 0.710938 0.929688 0.707031 0.925781 0.699219 0.925781 0.695312 0.921875 0.671875 0.921875 0.667969 0.925781 0.664062 0.925781 0.660156 0.929688 0.656250 0.929688 0.652344 0.933594 0.648438 0.933594 0.644531 0.937500 0.640625 0.937500 0.636719 0.941406 0.628906 0.941406 0.625000 0.945312 0.621094 0.945312 0.613281 0.953125 0.605469 0.953125 0.601562 0.949219 0.597656 0.949219 0.589844 0.941406 0.589844 0.937500 0.585938 0.933594 0.578125 0.933594 0.574219 0.937500 0.574219 0.941406 0.562500 0.953125 0.562500 0.957031 0.554688 0.964844 0.554688 0.968750 0.550781 0.972656 0.550781 0.996094 0.996094 0.996094 0.996094 0.777344 0.992188 0.777344 0.988281 0.781250 0.972656 0.781250 0.964844 0.773438 0.964844 0.769531 0.960938 0.765625 0.960938 0.761719 0.957031 0.757812 0.957031 0.753906 0.953125 0.750000
2 0.390625 0.515625 0.386719 0.519531 0.378906 0.519531 0.378906 0.523438 0.375000 0.527344 0.375000 0.539062 0.378906 0.542969 0.378906 0.546875 0.382812 0.550781 0.390625 0.550781 0.394531 0.546875 0.394531 0.523438 0.398438 0.519531 0.394531 0.515625
2 0.488281 0.144531 0.484375 0.148438 0.484375 0.156250 0.492188 0.156250 0.492188 0.148438
3 0.664062 0.000000 0.671875 0.007812 0.675781 0.007812 0.691406 0.023438 0.695312 0.023438 0.699219 0.027344 0.703125 0.027344 0.707031 0.031250 0.710938 0.031250 0.714844 0.035156 0.730469 0.035156 0.734375 0.039062 0.746094 0.039062 0.750000 0.042969 0.765625 0.042969 0.769531 0.046875 0.796875 0.046875 0.800781 0.042969 0.808594 0.042969 0.812500 0.039062 0.824219 0.039062 0.828125 0.035156 0.843750 0.035156 0.847656 0.031250 0.863281 0.031250 0.867188 0.027344 0.875000 0.027344 0.878906 0.023438 0.882812 0.023438 0.886719 0.019531 0.890625 0.019531 0.906250 0.003906 0.910156 0.003906 0.914062 0.000000
