0 0.660156 0.843750 0.656250 0.847656 0.656250 0.859375 0.675781 0.859375 0.679688 0.855469 0.683594 0.855469 0.687500 0.851562 0.687500 0.843750
0 0.988281 0.832031 0.980469 0.839844 0.976562 0.839844 0.972656 0.843750 0.968750 0.843750 0.960938 0.851562 0.949219 0.851562 0.941406 0.843750 0.937500 0.843750 0.937500 0.847656 0.929688 0.855469 0.929688 0.871094 0.925781 0.875000 0.925781 0.917969 0.921875 0.921875 0.921875 0.925781 0.917969 0.929688 0.917969 0.933594 0.914062 0.937500 0.914062 0.941406 0.906250 0.949219 0.906250 0.953125 0.890625 0.968750 0.890625 0.972656 0.886719 0.976562 0.886719 0.996094 0.949219 0.996094 0.945312 0.992188 0.945312 0.976562 0.949219 0.972656 0.949219 0.968750 0.953125 0.964844 0.953125 0.960938 0.960938 0.953125 0.960938 0.937500 0.964844 0.933594 0.964844 0.929688 0.968750 0.925781 0.968750 0.921875 0.972656 0.917969 0.972656 0.914062 0.984375 0.902344 0.992188 0.902344 0.996094 0.898438 0.996094 0.832031
0 0.472656 0.601562 0.472656 0.605469 0.476562 0.605469
0 0.542969 0.558594 0.539062 0.562500 0.539062 0.566406 0.550781 0.566406 0.550781 0.558594
1 0.996094 0.902344 0.992188 0.906250 0.984375 0.906250 0.976562 0.914062 0.976562 0.917969 0.972656 0.921875 0.972656 0.925781 0.968750 0.929688 0.968750 0.933594 0.964844 0.937500 0.964844 0.953125 0.957031 0.960938 0.957031 0.964844 0.953125 0.968750 0.953125 0.972656 0.949219 0.976562 0.949219 0.992188 0.953125 0.996094 0.996094 0.996094
1 0.269531 0.000000 0.269531 0.003906 0.261719 0.011719 0.261719 0.015625 0.238281 0.039062 0.238281 0.042969 0.222656 0.058594 0.222656 0.062500 0.214844 0.070312 0.214844 0.074219 0.203125 0.085938 0.203125 0.089844 0.199219 0.093750 0.199219 0.097656 0.195312 0.101562 0.195312 0.105469 0.183594 0.117188 0.179688 0.117188 0.175781 0.121094 0.167969 0.121094 0.164062 0.125000 0.160156 0.125000 0.152344 0.132812 0.148438 0.132812 0.144531 0.136719 0.144531 0.140625 0.140625 0.144531 0.140625 0.171875 0.136719 0.175781 0.136719 0.179688 0.128906 0.187500 0.125000 0.187500 0.121094 0.191406 0.117188 0.191406 0.113281 0.195312 0.105469 0.195312 0.097656 0.203125 0.093750 0.203125 0.089844 0.207031 0.070312 0.207031 0.054688 0.222656 0.050781 0.222656 0.046875 0.226562 0.015625 0.226562 0.003906 0.214844 0.003906 0.207031 0.000000 0.203125 0.000000 0.199219 0.000000 0.488281 0.003906 0.492188 0.007812 0.492188 0.011719 0.496094 0.015625 0.496094 0.019531 0.500000 0.023438 0.500000 0.039062 0.515625 0.039062 0.531250 0.035156 0.535156 0.035156 0.554688 0.039062 0.558594 0.039062 0.566406 0.042969 0.570312 0.042969 0.574219 0.046875 0.578125 0.046875 0.582031 0.054688 0.589844 0.054688 0.593750 0.058594 0.597656 0.058594 0.601562 0.062500 0.605469 0.062500 0.609375 0.066406 0.613281 0.074219 0.613281 0.078125 0.617188 0.082031 0.613281 0.085938 0.613281 0.089844 0.609375 0.097656 0.609375 0.113281 0.625000 0.113281 0.636719 0.117188 0.640625 0.117188 0.656250 0.121094 0.660156 0.121094 0.664062 0.140625 0.683594 0.140625 0.699219 0.136719 0.703125 0.136719 0.707031 0.132812 0.710938 0.132812 0.714844 0.125000 0.722656 0.125000 0.730469 0.121094 0.734375 0.121094 0.757812 0.117188 0.761719 0.117188 0.765625 0.101562 0.781250 0.097656 0.781250 0.093750 0.785156 0.089844 0.785156 0.085938 0.789062 0.082031 0.789062 0.078125 0.792969 0.062500 0.792969 0.058594 0.796875 0.042969 0.796875 0.039062 0.800781 0.027344 0.800781 0.023438 0.804688 0.011719 0.804688 0.007812 0.808594 0.000000 0.808594 0.000000 0.996094 0.882812 0.996094 0.882812 0.976562 0.886719 0.972656 0.886719 0.968750 0.902344 0.953125 0.902344 0.949219 0.910156 0.941406 0.910156 0.937500 0.914062 0.933594 0.914062 0.929688 0.917969 0.925781 0.917969 0.921875 0.921875 0.917969 0.921875 0.875000 0.925781 0.871094 0.925781 0.855469 0.933594 0.847656 0.933594 0.843750 0.937500 0.839844 0.941406 0.839844 0.949219 0.847656 0.960938 0.847656 0.968750 0.839844 0.972656 0.839844 0.976562 0.835938 0.980469 0.835938 0.988281 0.828125 0.996094 0.828125 0.996094 0.000000
1 0.660156 0.839844 0.687500 0.839844 0.691406 0.843750 0.691406 0.851562 0.683594 0.859375 0.679688 0.859375 0.675781 0.863281 0.656250 0.863281 0.652344 0.859375 0.652344 0.847656
1 0.468750 0.601562 0.472656 0.597656 0.480469 0.605469 0.476562 0.609375 0.472656 0.609375 0.468750 0.605469
1 0.542969 0.554688 0.550781 0.554688 0.554688 0.558594 0.554688 0.566406 0.550781 0.570312 0.539062 0.570312 0.535156 0.566406 0.535156 0.562500
1 0.335938 0.015625 0.339844 0.011719 0.359375 0.011719 0.363281 0.015625 0.375000 0.015625 0.378906 0.019531 0.382812 0.019531 0.394531 0.031250 0.394531 0.035156 0.398438 0.039062 0.398438 0.046875 0.402344 0.050781 0.402344 0.058594 0.398438 0.062500 0.398438 0.066406 0.386719 0.078125 0.386719 0.082031 0.378906 0.089844 0.375000 0.089844 0.363281 0.101562 0.363281 0.105469 0.347656 0.121094 0.343750 0.121094 0.339844 0.125000 0.316406 0.125000 0.312500 0.121094 0.308594 0.121094 0.292969 0.105469 0.292969 0.101562 0.285156 0.093750 0.285156 0.089844 0.281250 0.085938 0.281250 0.078125 0.277344 0.074219 0.277344 0.054688 0.281250 0.050781 0.281250 0.046875 0.300781 0.027344 0.304688 0.027344 0.308594 0.023438 0.312500 0.023438 0.316406 0.019531 0.324219 0.019531 0.328125 0.015625
1 0.000000 0.000000 0.000000 0.070312 0.007812 0.070312 0.011719 0.066406 0.015625 0.066406 0.019531 0.062500 0.023438 0.062500 0.027344 0.058594 0.027344 0.054688 0.031250 0.050781 0.031250 0.011719 0.035156 0.007812 0.035156 0.000000
2 0.000000 0.492188 0.000000 0.804688 0.007812 0.804688 0.011719 0.800781 0.023438 0.800781 0.027344 0.796875 0.039062 0.796875 0.042969 0.792969 0.058594 0.792969 0.062500 0.789062 0.078125 0.789062 0.082031 0.785156 0.085938 0.785156 0.089844 0.781250 0.093750 0.781250 0.097656 0.777344 0.101562 0.777344 0.113281 0.765625 0.113281 0.761719 0.117188 0.757812 0.117188 0.734375 0.121094 0.730469 0.121094 0.722656 0.128906 0.714844 0.128906 0.710938 0.132812 0.707031 0.132812 0.703125 0.136719 0.699219 0.136719 0.683594 0.117188 0.664062 0.117188 0.660156 0.113281 0.656250 0.113281 0.640625 0.109375 0.636719 0.109375 0.625000 0.097656 0.613281 0.089844 0.613281 0.085938 0.617188 0.082031 0.617188 0.078125 0.621094 0.074219 0.617188 0.066406 0.617188 0.058594 0.609375 0.058594 0.605469 0.054688 0.601562 0.054688 0.597656 0.050781 0.593750 0.050781 0.589844 0.042969 0.582031 0.042969 0.578125 0.039062 0.574219 0.039062 0.570312 0.035156 0.566406 0.035156 0.558594 0.031250 0.554688 0.031250 0.535156 0.035156 0.531250 0.035156 0.515625 0.023438 0.503906 0.019531 0.503906 0.015625 0.500000 0.011719 0.500000 0.007812 0.496094 0.003906 0.496094
2 0.339844 0.015625 0.335938 0.019531 0.328125 0.019531 0.324219 0.023438 0.316406 0.023438 0.312500 0.027344 0.308594 0.027344 0.304688 0.031250 0.300781 0.031250 0.285156 0.046875 0.285156 0.050781 0.281250 0.054688 0.281250 0.074219 0.285156 0.078125 0.285156 0.085938 0.289062 0.089844 0.289062 0.093750 0.296875 0.101562 0.296875 0.105469 0.308594 0.117188 0.312500 0.117188 0.316406 0.121094 0.339844 0.121094 0.343750 0.117188 0.347656 0.117188 0.359375 0.105469 0.359375 0.101562 0.375000 0.085938 0.378906 0.085938 0.382812 0.082031 0.382812 0.078125 0.394531 0.066406 0.394531 0.062500 0.398438 0.058594 0.398438 0.050781 0.394531 0.046875 0.394531 0.039062 0.390625 0.035156 0.390625 0.031250 0.382812 0.023438 0.378906 0.023438 0.375000 0.019531 0.363281 0.019531 0.359375 0.015625
2 0.039062 0.000000 0.039062 0.007812 0.035156 0.011719 0.035156 0.050781 0.031250 0.054688 0.031250 0.058594 0.023438 0.066406 0.019531 0.066406 0.015625 0.070312 0.011719 0.070312 0.007812 0.074219 0.000000 0.074219 0.000000 0.195312 0.003906 0.199219 0.003906 0.203125 0.007812 0.207031 0.007812 0.214844 0.015625 0.222656 0.046875 0.222656 0.050781 0.218750 0.054688 0.218750 0.070312 0.203125 0.089844 0.203125 0.093750 0.199219 0.097656 0.199219 0.105469 0.191406 0.113281 0.191406 0.117188 0.187500 0.121094 0.187500 0.125000 0.183594 0.128906 0.183594 0.132812 0.179688 0.132812 0.175781 0.136719 0.171875 0.136719 0.144531 0.140625 0.140625 0.140625 0.136719 0.148438 0.128906 0.152344 0.128906 0.160156 0.121094 0.164062 0.121094 0.167969 0.117188 0.175781 0.117188 0.179688 0.113281 0.183594 0.113281 0.191406 0.105469 0.191406 0.101562 0.195312 0.097656 0.195312 0.093750 0.199219 0.089844 0.199219 0.085938 0.210938 0.074219 0.210938 0.070312 0.218750 0.062500 0.218750 0.058594 0.234375 0.042969 0.234375 0.039062 0.257812 0.015625 0.257812 0.011719 0.265625 0.003906 0.265625 0.000000
2 0.062500 0.187500 0.066406 0.183594 0.070312 0.187500 0.066406 0.191406
