0 0.363281 0.953125 0.363281 0.960938 0.367188 0.964844 0.371094 0.964844 0.375000 0.968750 0.394531 0.968750 0.394531 0.957031 0.390625 0.953125
0 0.000000 0.863281 0.000000 0.968750 0.003906 0.964844 0.007812 0.964844 0.011719 0.968750 0.015625 0.968750 0.023438 0.976562 0.031250 0.976562 0.042969 0.988281 0.042969 0.992188 0.046875 0.996094 0.125000 0.996094 0.125000 0.984375 0.121094 0.980469 0.121094 0.964844 0.113281 0.957031 0.113281 0.953125 0.109375 0.953125 0.101562 0.960938 0.089844 0.960938 0.082031 0.953125 0.078125 0.953125 0.074219 0.949219 0.070312 0.949219 0.062500 0.941406 0.054688 0.941406 0.050781 0.937500 0.050781 0.933594 0.042969 0.925781 0.039062 0.925781 0.027344 0.914062 0.027344 0.910156 0.023438 0.906250 0.023438 0.890625 0.027344 0.886719 0.027344 0.882812 0.023438 0.878906 0.023438 0.875000 0.019531 0.871094 0.019531 0.867188 0.011719 0.867188 0.007812 0.863281
0 0.578125 0.710938 0.574219 0.714844 0.578125 0.714844
0 0.500000 0.667969 0.500000 0.675781 0.511719 0.675781 0.511719 0.671875 0.507812 0.667969
1 0.003906 0.968750 0.000000 0.972656 0.000000 0.996094 0.042969 0.996094 0.039062 0.992188 0.039062 0.988281 0.031250 0.980469 0.023438 0.980469 0.015625 0.972656 0.011719 0.972656 0.007812 0.968750
1 0.890625 0.000000 0.894531 0.003906 0.898438 0.003906 0.902344 0.007812 0.902344 0.011719 0.910156 0.019531 0.914062 0.019531 0.925781 0.031250 0.929688 0.031250 0.933594 0.035156 0.933594 0.039062 0.949219 0.054688 0.953125 0.054688 0.964844 0.066406 0.968750 0.066406 0.972656 0.070312 0.980469 0.070312 0.984375 0.074219 0.988281 0.074219 0.996094 0.082031 0.996094 0.000000
1 0.000000 0.000000 0.000000 0.859375 0.007812 0.859375 0.011719 0.863281 0.019531 0.863281 0.023438 0.867188 0.023438 0.871094 0.027344 0.875000 0.027344 0.878906 0.031250 0.882812 0.031250 0.886719 0.027344 0.890625 0.027344 0.906250 0.031250 0.910156 0.031250 0.914062 0.039062 0.921875 0.042969 0.921875 0.054688 0.933594 0.054688 0.937500 0.062500 0.937500 0.070312 0.945312 0.074219 0.945312 0.078125 0.949219 0.082031 0.949219 0.089844 0.957031 0.101562 0.957031 0.109375 0.949219 0.113281 0.949219 0.117188 0.953125 0.117188 0.957031 0.125000 0.964844 0.125000 0.980469 0.128906 0.984375 0.128906 0.996094 0.996094 0.996094 0.996094 0.906250 0.992188 0.906250 0.988281 0.902344 0.972656 0.902344 0.968750 0.898438 0.964844 0.898438 0.960938 0.894531 0.957031 0.894531 0.953125 0.890625 0.949219 0.890625 0.933594 0.875000 0.933594 0.871094 0.929688 0.867188 0.929688 0.843750 0.925781 0.839844 0.925781 0.832031 0.917969 0.824219 0.917969 0.820312 0.914062 0.816406 0.914062 0.812500 0.910156 0.808594 0.910156 0.792969 0.929688 0.773438 0.929688 0.769531 0.933594 0.765625 0.933594 0.750000 0.937500 0.746094 0.937500 0.734375 0.953125 0.718750 0.960938 0.718750 0.964844 0.722656 0.968750 0.722656 0.972656 0.726562 0.976562 0.722656 0.984375 0.722656 0.988281 0.718750 0.988281 0.714844 0.992188 0.710938 0.992188 0.707031 0.996094 0.703125 0.996094 0.332031 0.980469 0.316406 0.960938 0.316406 0.957031 0.312500 0.953125 0.312500 0.945312 0.304688 0.937500 0.304688 0.933594 0.300781 0.929688 0.300781 0.925781 0.296875 0.921875 0.296875 0.914062 0.289062 0.914062 0.285156 0.910156 0.281250 0.910156 0.253906 0.906250 0.250000 0.906250 0.246094 0.902344 0.242188 0.898438 0.242188 0.890625 0.234375 0.886719 0.234375 0.882812 0.230469 0.875000 0.230469 0.871094 0.226562 0.867188 0.226562 0.855469 0.214844 0.855469 0.210938 0.851562 0.207031 0.851562 0.203125 0.847656 0.199219 0.847656 0.195312 0.835938 0.183594 0.835938 0.179688 0.828125 0.171875 0.828125 0.167969 0.812500 0.152344 0.812500 0.148438 0.789062 0.125000 0.789062 0.121094 0.781250 0.113281 0.781250 0.105469 0.777344 0.101562 0.777344 0.097656 0.773438 0.093750 0.773438 0.085938 0.769531 0.082031 0.769531 0.074219 0.789062 0.054688 0.789062 0.042969 0.792969 0.039062 0.792969 0.031250 0.796875 0.027344 0.796875 0.019531 0.800781 0.015625 0.800781 0.011719 0.812500 0.000000
1 0.359375 0.953125 0.363281 0.949219 0.390625 0.949219 0.398438 0.957031 0.398438 0.968750 0.394531 0.972656 0.375000 0.972656 0.371094 0.968750 0.367188 0.968750 0.359375 0.960938
1 0.578125 0.707031 0.582031 0.710938 0.582031 0.714844 0.578125 0.718750 0.574219 0.718750 0.570312 0.714844
1 0.496094 0.667969 0.500000 0.664062 0.507812 0.664062 0.515625 0.671875 0.515625 0.675781 0.511719 0.679688 0.500000 0.679688 0.496094 0.675781
1 0.687500 0.125000 0.691406 0.121094 0.710938 0.121094 0.714844 0.125000 0.722656 0.125000 0.726562 0.128906 0.734375 0.128906 0.738281 0.132812 0.742188 0.132812 0.746094 0.136719 0.750000 0.136719 0.769531 0.156250 0.769531 0.160156 0.773438 0.164062 0.773438 0.183594 0.769531 0.187500 0.769531 0.195312 0.765625 0.199219 0.765625 0.203125 0.757812 0.210938 0.757812 0.214844 0.742188 0.230469 0.738281 0.230469 0.734375 0.234375 0.710938 0.234375 0.707031 0.230469 0.703125 0.230469 0.687500 0.214844 0.687500 0.210938 0.675781 0.199219 0.671875 0.199219 0.664062 0.191406 0.664062 0.187500 0.652344 0.175781 0.652344 0.171875 0.648438 0.167969 0.648438 0.160156 0.652344 0.156250 0.652344 0.148438 0.656250 0.144531 0.656250 0.140625 0.667969 0.128906 0.671875 0.128906 0.675781 0.125000
2 0.996094 0.707031 0.996094 0.710938 0.992188 0.714844 0.992188 0.718750 0.984375 0.726562 0.976562 0.726562 0.972656 0.730469 0.968750 0.726562 0.964844 0.726562 0.960938 0.722656 0.953125 0.722656 0.941406 0.734375 0.941406 0.746094 0.937500 0.750000 0.937500 0.765625 0.933594 0.769531 0.933594 0.773438 0.914062 0.792969 0.914062 0.808594 0.917969 0.812500 0.917969 0.816406 0.921875 0.820312 0.921875 0.824219 0.929688 0.832031 0.929688 0.839844 0.933594 0.843750 0.933594 0.867188 0.937500 0.871094 0.937500 0.875000 0.949219 0.886719 0.953125 0.886719 0.957031 0.890625 0.960938 0.890625 0.964844 0.894531 0.968750 0.894531 0.972656 0.898438 0.988281 0.898438 0.992188 0.902344 0.996094 0.902344
2 0.691406 0.125000 0.687500 0.128906 0.675781 0.128906 0.671875 0.132812 0.667969 0.132812 0.660156 0.140625 0.660156 0.144531 0.656250 0.148438 0.656250 0.156250 0.652344 0.160156 0.652344 0.167969 0.656250 0.171875 0.656250 0.175781 0.667969 0.187500 0.667969 0.191406 0.671875 0.195312 0.675781 0.195312 0.691406 0.210938 0.691406 0.214844 0.703125 0.226562 0.707031 0.226562 0.710938 0.230469 0.734375 0.230469 0.738281 0.226562 0.742188 0.226562 0.753906 0.214844 0.753906 0.210938 0.761719 0.203125 0.761719 0.199219 0.765625 0.195312 0.765625 0.187500 0.769531 0.183594 0.769531 0.164062 0.765625 0.160156 0.765625 0.156250 0.750000 0.140625 0.746094 0.140625 0.742188 0.136719 0.738281 0.136719 0.734375 0.132812 0.726562 0.132812 0.722656 0.128906 0.714844 0.128906 0.710938 0.125000
2 0.816406 0.000000 0.804688 0.011719 0.804688 0.015625 0.800781 0.019531 0.800781 0.027344 0.796875 0.031250 0.796875 0.039062 0.792969 0.042969 0.792969 0.054688 0.773438 0.074219 0.773438 0.082031 0.777344 0.085938 0.777344 0.093750 0.781250 0.097656 0.781250 0.101562 0.785156 0.105469 0.785156 0.113281 0.792969 0.121094 0.792969 0.125000 0.816406 0.148438 0.816406 0.152344 0.832031 0.167969 0.832031 0.171875 0.839844 0.179688 0.839844 0.183594 0.851562 0.195312 0.851562 0.199219 0.855469 0.203125 0.855469 0.207031 0.859375 0.210938 0.859375 0.214844 0.867188 0.222656 0.871094 0.222656 0.875000 0.226562 0.882812 0.226562 0.886719 0.230469 0.890625 0.230469 0.898438 0.238281 0.902344 0.238281 0.910156 0.246094 0.910156 0.250000 0.914062 0.253906 0.914062 0.281250 0.917969 0.285156 0.917969 0.289062 0.921875 0.292969 0.925781 0.292969 0.929688 0.296875 0.933594 0.296875 0.937500 0.300781 0.945312 0.300781 0.953125 0.308594 0.957031 0.308594 0.960938 0.312500 0.980469 0.312500 0.996094 0.328125 0.996094 0.085938 0.988281 0.078125 0.984375 0.078125 0.980469 0.074219 0.972656 0.074219 0.968750 0.070312 0.964844 0.070312 0.953125 0.058594 0.949219 0.058594 0.929688 0.039062 0.929688 0.035156 0.925781 0.035156 0.914062 0.023438 0.910156 0.023438 0.898438 0.011719 0.898438 0.007812 0.894531 0.007812 0.886719 0.000000
2 0.980469 0.296875 0.984375 0.292969 0.988281 0.296875 0.984375 0.300781
