0 0.539062 0.921875 0.531250 0.929688 0.531250 0.941406 0.535156 0.941406 0.539062 0.945312 0.542969 0.945312 0.546875 0.941406 0.550781 0.941406 0.554688 0.937500 0.554688 0.929688 0.546875 0.921875
0 0.527344 0.859375 0.523438 0.863281 0.523438 0.871094 0.535156 0.871094 0.535156 0.863281 0.531250 0.863281
0 0.464844 0.804688 0.464844 0.816406 0.468750 0.816406 0.472656 0.812500 0.468750 0.808594 0.468750 0.804688
0 0.386719 0.734375 0.382812 0.738281 0.378906 0.738281 0.371094 0.746094 0.371094 0.753906 0.382812 0.765625 0.382812 0.769531 0.386719 0.773438 0.394531 0.773438 0.398438 0.769531 0.398438 0.742188 0.394531 0.738281 0.394531 0.734375
0 0.312500 0.675781 0.312500 0.683594 0.316406 0.687500 0.320312 0.687500 0.320312 0.679688 0.316406 0.675781
0 0.882812 0.652344 0.882812 0.660156 0.886719 0.664062 0.890625 0.664062 0.894531 0.667969 0.914062 0.667969 0.914062 0.656250 0.910156 0.652344
0 0.253906 0.621094 0.253906 0.625000 0.250000 0.628906 0.250000 0.636719 0.253906 0.640625 0.253906 0.644531 0.257812 0.648438 0.261719 0.648438 0.265625 0.652344 0.273438 0.652344 0.273438 0.628906 0.265625 0.621094
0 0.511719 0.562500 0.503906 0.570312 0.500000 0.570312 0.496094 0.574219 0.488281 0.574219 0.484375 0.578125 0.480469 0.578125 0.472656 0.585938 0.472656 0.597656 0.480469 0.605469 0.480469 0.609375 0.484375 0.613281 0.484375 0.621094 0.511719 0.648438 0.511719 0.660156 0.507812 0.664062 0.507812 0.667969 0.511719 0.671875 0.515625 0.667969 0.519531 0.667969 0.523438 0.664062 0.527344 0.664062 0.531250 0.667969 0.535156 0.667969 0.542969 0.675781 0.550781 0.675781 0.562500 0.687500 0.562500 0.691406 0.566406 0.695312 0.566406 0.699219 0.578125 0.710938 0.585938 0.710938 0.597656 0.722656 0.597656 0.726562 0.601562 0.730469 0.601562 0.734375 0.605469 0.738281 0.605469 0.742188 0.609375 0.746094 0.609375 0.761719 0.617188 0.769531 0.617188 0.773438 0.621094 0.777344 0.621094 0.781250 0.625000 0.785156 0.625000 0.800781 0.621094 0.804688 0.621094 0.808594 0.597656 0.832031 0.597656 0.835938 0.585938 0.847656 0.585938 0.851562 0.582031 0.855469 0.585938 0.859375 0.585938 0.863281 0.589844 0.867188 0.589844 0.871094 0.593750 0.875000 0.593750 0.878906 0.597656 0.882812 0.601562 0.882812 0.605469 0.886719 0.609375 0.886719 0.625000 0.902344 0.625000 0.906250 0.628906 0.910156 0.628906 0.917969 0.625000 0.921875 0.625000 0.925781 0.621094 0.929688 0.621094 0.953125 0.628906 0.960938 0.628906 0.964844 0.632812 0.968750 0.636719 0.968750 0.652344 0.984375 0.652344 0.996094 0.765625 0.996094 0.765625 0.968750 0.757812 0.960938 0.750000 0.960938 0.742188 0.968750 0.703125 0.968750 0.691406 0.957031 0.691406 0.949219 0.687500 0.945312 0.687500 0.921875 0.683594 0.917969 0.683594 0.914062 0.679688 0.910156 0.679688 0.906250 0.683594 0.902344 0.683594 0.898438 0.687500 0.894531 0.687500 0.890625 0.691406 0.886719 0.691406 0.882812 0.695312 0.878906 0.695312 0.875000 0.703125 0.867188 0.703125 0.859375 0.699219 0.855469 0.699219 0.851562 0.695312 0.847656 0.695312 0.843750 0.691406 0.839844 0.691406 0.835938 0.687500 0.832031 0.687500 0.824219 0.683594 0.820312 0.683594 0.785156 0.679688 0.781250 0.679688 0.777344 0.664062 0.761719 0.664062 0.757812 0.656250 0.750000 0.656250 0.746094 0.652344 0.742188 0.652344 0.738281 0.648438 0.734375 0.648438 0.730469 0.644531 0.726562 0.644531 0.683594 0.640625 0.679688 0.640625 0.664062 0.632812 0.656250 0.632812 0.652344 0.628906 0.652344 0.621094 0.660156 0.609375 0.660156 0.601562 0.652344 0.597656 0.652344 0.593750 0.648438 0.589844 0.648438 0.582031 0.640625 0.574219 0.640625 0.570312 0.636719 0.570312 0.632812 0.562500 0.625000 0.558594 0.625000 0.546875 0.613281 0.546875 0.609375 0.542969 0.605469 0.542969 0.589844 0.546875 0.585938 0.546875 0.582031 0.542969 0.578125 0.542969 0.574219 0.539062 0.570312 0.539062 0.566406 0.531250 0.566406 0.527344 0.562500
0 0.445312 0.343750 0.441406 0.347656 0.441406 0.351562 0.445312 0.355469 0.449219 0.355469 0.457031 0.363281 0.464844 0.363281 0.464844 0.351562 0.457031 0.343750
0 0.199219 0.296875 0.195312 0.300781 0.195312 0.316406 0.191406 0.320312 0.191406 0.328125 0.195312 0.328125 0.199219 0.332031 0.210938 0.332031 0.214844 0.328125 0.222656 0.328125 0.226562 0.324219 0.226562 0.308594 0.222656 0.304688 0.218750 0.304688 0.210938 0.296875
0 0.000000 0.000000 0.000000 0.996094 0.164062 0.996094 0.140625 0.972656 0.140625 0.953125 0.144531 0.949219 0.144531 0.937500 0.148438 0.933594 0.148438 0.925781 0.152344 0.921875 0.152344 0.914062 0.156250 0.910156 0.156250 0.906250 0.160156 0.902344 0.160156 0.898438 0.156250 0.894531 0.156250 0.890625 0.152344 0.886719 0.152344 0.882812 0.148438 0.878906 0.148438 0.808594 0.152344 0.804688 0.152344 0.785156 0.156250 0.781250 0.156250 0.769531 0.160156 0.765625 0.160156 0.753906 0.156250 0.750000 0.160156 0.746094 0.160156 0.738281 0.167969 0.730469 0.167969 0.671875 0.164062 0.667969 0.164062 0.660156 0.167969 0.656250 0.167969 0.597656 0.171875 0.593750 0.171875 0.578125 0.175781 0.574219 0.214844 0.574219 0.218750 0.570312 0.218750 0.554688 0.214844 0.550781 0.214844 0.542969 0.187500 0.542969 0.179688 0.550781 0.179688 0.558594 0.171875 0.566406 0.164062 0.558594 0.164062 0.539062 0.167969 0.535156 0.167969 0.515625 0.171875 0.511719 0.171875 0.503906 0.167969 0.500000 0.167969 0.496094 0.171875 0.492188 0.171875 0.484375 0.175781 0.480469 0.179688 0.480469 0.187500 0.472656 0.191406 0.472656 0.203125 0.484375 0.203125 0.511719 0.207031 0.515625 0.207031 0.519531 0.222656 0.519531 0.226562 0.515625 0.234375 0.515625 0.238281 0.511719 0.238281 0.500000 0.234375 0.496094 0.230469 0.500000 0.222656 0.500000 0.214844 0.492188 0.214844 0.472656 0.203125 0.460938 0.203125 0.445312 0.187500 0.429688 0.183594 0.429688 0.179688 0.425781 0.167969 0.425781 0.164062 0.429688 0.160156 0.429688 0.144531 0.414062 0.144531 0.406250 0.140625 0.402344 0.140625 0.386719 0.144531 0.382812 0.144531 0.375000 0.140625 0.371094 0.140625 0.367188 0.132812 0.359375 0.121094 0.359375 0.109375 0.347656 0.101562 0.347656 0.097656 0.343750 0.093750 0.343750 0.082031 0.332031 0.082031 0.328125 0.074219 0.320312 0.074219 0.316406 0.070312 0.312500 0.062500 0.312500 0.058594 0.308594 0.054688 0.308594 0.039062 0.292969 0.039062 0.289062 0.035156 0.285156 0.035156 0.281250 0.031250 0.277344 0.031250 0.234375 0.035156 0.230469 0.035156 0.203125 0.031250 0.199219 0.031250 0.175781 0.035156 0.171875 0.035156 0.160156 0.039062 0.156250 0.039062 0.144531 0.042969 0.140625 0.042969 0.132812 0.046875 0.128906 0.046875 0.121094 0.050781 0.117188 0.050781 0.089844 0.054688 0.085938 0.054688 0.050781 0.039062 0.035156 0.035156 0.035156 0.015625 0.015625 0.015625 0.007812 0.011719 0.003906 0.011719 0.000000
1 0.015625 0.000000 0.015625 0.003906 0.019531 0.007812 0.019531 0.015625 0.035156 0.031250 0.039062 0.031250 0.058594 0.050781 0.058594 0.085938 0.054688 0.089844 0.054688 0.117188 0.050781 0.121094 0.050781 0.128906 0.046875 0.132812 0.046875 0.140625 0.042969 0.144531 0.042969 0.156250 0.039062 0.160156 0.039062 0.171875 0.035156 0.175781 0.035156 0.199219 0.039062 0.203125 0.039062 0.230469 0.035156 0.234375 0.035156 0.277344 0.039062 0.281250 0.039062 0.285156 0.042969 0.289062 0.042969 0.292969 0.054688 0.304688 0.058594 0.304688 0.062500 0.308594 0.070312 0.308594 0.078125 0.316406 0.078125 0.320312 0.085938 0.328125 0.085938 0.332031 0.093750 0.339844 0.097656 0.339844 0.101562 0.343750 0.109375 0.343750 0.121094 0.355469 0.132812 0.355469 0.144531 0.367188 0.144531 0.371094 0.148438 0.375000 0.148438 0.382812 0.144531 0.386719 0.144531 0.402344 0.148438 0.406250 0.148438 0.414062 0.160156 0.425781 0.164062 0.425781 0.167969 0.421875 0.179688 0.421875 0.183594 0.425781 0.187500 0.425781 0.207031 0.445312 0.207031 0.460938 0.218750 0.472656 0.218750 0.492188 0.222656 0.496094 0.230469 0.496094 0.234375 0.492188 0.242188 0.500000 0.242188 0.511719 0.234375 0.519531 0.226562 0.519531 0.222656 0.523438 0.207031 0.523438 0.203125 0.519531 0.203125 0.515625 0.199219 0.511719 0.199219 0.484375 0.191406 0.476562 0.187500 0.476562 0.179688 0.484375 0.175781 0.484375 0.175781 0.492188 0.171875 0.496094 0.171875 0.500000 0.175781 0.503906 0.175781 0.511719 0.171875 0.515625 0.171875 0.535156 0.167969 0.539062 0.167969 0.558594 0.171875 0.562500 0.175781 0.558594 0.175781 0.550781 0.187500 0.539062 0.214844 0.539062 0.218750 0.542969 0.218750 0.550781 0.222656 0.554688 0.222656 0.570312 0.214844 0.578125 0.175781 0.578125 0.175781 0.593750 0.171875 0.597656 0.171875 0.656250 0.167969 0.660156 0.167969 0.667969 0.171875 0.671875 0.171875 0.730469 0.164062 0.738281 0.164062 0.746094 0.160156 0.750000 0.164062 0.753906 0.164062 0.765625 0.160156 0.769531 0.160156 0.781250 0.156250 0.785156 0.156250 0.804688 0.152344 0.808594 0.152344 0.878906 0.156250 0.882812 0.156250 0.886719 0.160156 0.890625 0.160156 0.894531 0.164062 0.898438 0.164062 0.902344 0.160156 0.906250 0.160156 0.910156 0.156250 0.914062 0.156250 0.921875 0.152344 0.925781 0.152344 0.933594 0.148438 0.937500 0.148438 0.949219 0.144531 0.953125 0.144531 0.972656 0.167969 0.996094 0.648438 0.996094 0.648438 0.984375 0.636719 0.972656 0.632812 0.972656 0.625000 0.964844 0.625000 0.960938 0.617188 0.953125 0.617188 0.929688 0.621094 0.925781 0.621094 0.921875 0.625000 0.917969 0.625000 0.910156 0.621094 0.906250 0.621094 0.902344 0.609375 0.890625 0.605469 0.890625 0.601562 0.886719 0.597656 0.886719 0.589844 0.878906 0.589844 0.875000 0.585938 0.871094 0.585938 0.867188 0.582031 0.863281 0.582031 0.859375 0.578125 0.855469 0.582031 0.851562 0.582031 0.847656 0.593750 0.835938 0.593750 0.832031 0.617188 0.808594 0.617188 0.804688 0.621094 0.800781 0.621094 0.785156 0.617188 0.781250 0.617188 0.777344 0.613281 0.773438 0.613281 0.769531 0.605469 0.761719 0.605469 0.746094 0.601562 0.742188 0.601562 0.738281 0.597656 0.734375 0.597656 0.730469 0.593750 0.726562 0.593750 0.722656 0.585938 0.714844 0.578125 0.714844 0.562500 0.699219 0.562500 0.695312 0.558594 0.691406 0.558594 0.687500 0.550781 0.679688 0.542969 0.679688 0.535156 0.671875 0.531250 0.671875 0.527344 0.667969 0.523438 0.667969 0.519531 0.671875 0.515625 0.671875 0.511719 0.675781 0.503906 0.667969 0.503906 0.664062 0.507812 0.660156 0.507812 0.648438 0.480469 0.621094 0.480469 0.613281 0.476562 0.609375 0.476562 0.605469 0.468750 0.597656 0.468750 0.585938 0.480469 0.574219 0.484375 0.574219 0.488281 0.570312 0.496094 0.570312 0.500000 0.566406 0.503906 0.566406 0.511719 0.558594 0.527344 0.558594 0.531250 0.562500 0.539062 0.562500 0.542969 0.566406 0.542969 0.570312 0.546875 0.574219 0.546875 0.578125 0.550781 0.582031 0.550781 0.585938 0.546875 0.589844 0.546875 0.605469 0.550781 0.609375 0.550781 0.613281 0.558594 0.621094 0.562500 0.621094 0.574219 0.632812 0.574219 0.636719 0.582031 0.636719 0.589844 0.644531 0.593750 0.644531 0.597656 0.648438 0.601562 0.648438 0.609375 0.656250 0.621094 0.656250 0.628906 0.648438 0.632812 0.648438 0.636719 0.652344 0.636719 0.656250 0.644531 0.664062 0.644531 0.679688 0.648438 0.683594 0.648438 0.726562 0.652344 0.730469 0.652344 0.734375 0.656250 0.738281 0.656250 0.742188 0.660156 0.746094 0.660156 0.750000 0.667969 0.757812 0.667969 0.761719 0.683594 0.777344 0.683594 0.781250 0.687500 0.785156 0.687500 0.820312 0.691406 0.824219 0.691406 0.832031 0.695312 0.835938 0.695312 0.839844 0.699219 0.843750 0.699219 0.847656 0.703125 0.851562 0.703125 0.855469 0.707031 0.859375 0.707031 0.867188 0.699219 0.875000 0.699219 0.878906 0.695312 0.882812 0.695312 0.886719 0.691406 0.890625 0.691406 0.894531 0.687500 0.898438 0.687500 0.902344 0.683594 0.906250 0.683594 0.910156 0.687500 0.914062 0.687500 0.917969 0.691406 0.921875 0.691406 0.945312 0.695312 0.949219 0.695312 0.957031 0.703125 0.964844 0.742188 0.964844 0.750000 0.957031 0.757812 0.957031 0.769531 0.968750 0.769531 0.996094 0.996094 0.996094 0.996094 0.000000
1 0.539062 0.917969 0.546875 0.917969 0.558594 0.929688 0.558594 0.937500 0.550781 0.945312 0.546875 0.945312 0.542969 0.949219 0.539062 0.949219 0.535156 0.945312 0.531250 0.945312 0.527344 0.941406 0.527344 0.929688
1 0.527344 0.855469 0.531250 0.859375 0.535156 0.859375 0.539062 0.863281 0.539062 0.871094 0.535156 0.875000 0.523438 0.875000 0.519531 0.871094 0.519531 0.863281
1 0.460938 0.804688 0.464844 0.800781 0.468750 0.800781 0.472656 0.804688 0.472656 0.808594 0.476562 0.812500 0.468750 0.820312 0.464844 0.820312 0.460938 0.816406
1 0.382812 0.734375 0.386719 0.730469 0.394531 0.730469 0.398438 0.734375 0.398438 0.738281 0.402344 0.742188 0.402344 0.769531 0.394531 0.777344 0.386719 0.777344 0.378906 0.769531 0.378906 0.765625 0.367188 0.753906 0.367188 0.746094 0.378906 0.734375
1 0.308594 0.675781 0.312500 0.671875 0.316406 0.671875 0.324219 0.679688 0.324219 0.687500 0.320312 0.691406 0.316406 0.691406 0.308594 0.683594
1 0.878906 0.652344 0.882812 0.648438 0.910156 0.648438 0.917969 0.656250 0.917969 0.667969 0.914062 0.671875 0.894531 0.671875 0.890625 0.667969 0.886719 0.667969 0.878906 0.660156
1 0.250000 0.621094 0.253906 0.617188 0.265625 0.617188 0.277344 0.628906 0.277344 0.652344 0.273438 0.656250 0.265625 0.656250 0.261719 0.652344 0.257812 0.652344 0.250000 0.644531 0.250000 0.640625 0.246094 0.636719 0.246094 0.628906 0.250000 0.625000
1 0.445312 0.339844 0.457031 0.339844 0.468750 0.351562 0.468750 0.363281 0.464844 0.367188 0.457031 0.367188 0.449219 0.359375 0.445312 0.359375 0.437500 0.351562 0.437500 0.347656
1 0.199219 0.292969 0.210938 0.292969 0.218750 0.300781 0.222656 0.300781 0.230469 0.308594 0.230469 0.324219 0.222656 0.332031 0.214844 0.332031 0.210938 0.335938 0.199219 0.335938 0.195312 0.332031 0.191406 0.332031 0.187500 0.328125 0.187500 0.320312 0.191406 0.316406 0.191406 0.300781
